## htsjdk.samtools.metrics.StringHeader
# MarkDuplicates --INPUT data/mapped_data/ATAC_D0_repl_2_no_tx_S39_trimmed_Aligned.sortedByCoord.out.bam --OUTPUT data/mapped_data/ATAC_D0_repl_2_no_tx_S39_trimmed_Aligned.sortedByCoord.dupMarker.out.bam --METRICS_FILE qc_reports/mapping_reads/ATAC_D0_repl_2_no_tx_S39_trimmed_marked_dup_metrics.txt --MAX_SEQUENCES_FOR_DISK_READ_ENDS_MAP 50000 --MAX_FILE_HANDLES_FOR_READ_ENDS_MAP 8000 --SORTING_COLLECTION_SIZE_RATIO 0.25 --TAG_DUPLICATE_SET_MEMBERS false --REMOVE_SEQUENCING_DUPLICATES false --TAGGING_POLICY DontTag --CLEAR_DT true --DUPLEX_UMI false --ADD_PG_TAG_TO_READS true --REMOVE_DUPLICATES false --ASSUME_SORTED false --DUPLICATE_SCORING_STRATEGY SUM_OF_BASE_QUALITIES --PROGRAM_RECORD_ID MarkDuplicates --PROGRAM_GROUP_NAME MarkDuplicates --READ_NAME_REGEX <optimized capture of last three ':' separated fields as numeric values> --OPTICAL_DUPLICATE_PIXEL_DISTANCE 100 --MAX_OPTICAL_DUPLICATE_SET_SIZE 300000 --VERBOSITY INFO --QUIET false --VALIDATION_STRINGENCY STRICT --COMPRESSION_LEVEL 5 --MAX_RECORDS_IN_RAM 500000 --CREATE_INDEX false --CREATE_MD5_FILE false --GA4GH_CLIENT_SECRETS client_secrets.json --help false --version false --showHidden false --USE_JDK_DEFLATER false --USE_JDK_INFLATER false
## htsjdk.samtools.metrics.StringHeader
# Started on: Thu Aug 19 03:33:12 PDT 2021

## METRICS CLASS	picard.sam.DuplicationMetrics
LIBRARY	UNPAIRED_READS_EXAMINED	READ_PAIRS_EXAMINED	SECONDARY_OR_SUPPLEMENTARY_RDS	UNMAPPED_READS	UNPAIRED_READ_DUPLICATES	READ_PAIR_DUPLICATES	READ_PAIR_OPTICAL_DUPLICATES	PERCENT_DUPLICATION	ESTIMATED_LIBRARY_SIZE
Unknown Library	1785	50553121	18336377	0	1143	27665590	569964	0.547259	27232257

## HISTOGRAM	java.lang.Double
BIN	CoverageMult	all_sets	optical_sets	non_optical_sets
1.0	1.003932	15715440	0	15886710
2.0	1.160785	4482973	439891	4415556
3.0	1.185292	1387225	30242	1331445
4.0	1.18912	469120	7865	442681
5.0	1.189719	189455	3329	178864
6.0	1.189812	98502	1643	94374
7.0	1.189827	63362	951	61856
8.0	1.189829	47074	565	46202
9.0	1.189829	37812	365	37444
10.0	1.189829	31550	260	31247
11.0	1.189829	26483	172	25990
12.0	1.189829	22720	122	22682
13.0	1.189829	20194	93	19931
14.0	1.189829	17722	75	17594
15.0	1.189829	15872	51	15822
16.0	1.189829	14108	34	14006
17.0	1.189829	13043	19	12857
18.0	1.189829	11651	19	11572
19.0	1.189829	10667	20	10534
20.0	1.189829	9795	14	9693
21.0	1.189829	9148	10	9085
22.0	1.189829	8190	9	8147
23.0	1.189829	7633	9	7544
24.0	1.189829	7111	3	7027
25.0	1.189829	6675	5	6632
26.0	1.189829	6195	5	6071
27.0	1.189829	5753	6	5658
28.0	1.189829	5318	6	5341
29.0	1.189829	5033	2	5016
30.0	1.189829	4821	3	4761
31.0	1.189829	4576	2	4529
32.0	1.189829	4277	1	4157
33.0	1.189829	3889	2	3921
34.0	1.189829	3752	2	3710
35.0	1.189829	3565	2	3451
36.0	1.189829	3372	1	3389
37.0	1.189829	3263	0	3218
38.0	1.189829	3067	0	2983
39.0	1.189829	2933	0	2923
40.0	1.189829	2728	0	2793
41.0	1.189829	2758	1	2697
42.0	1.189829	2662	1	2598
43.0	1.189829	2466	0	2445
44.0	1.189829	2333	2	2350
45.0	1.189829	2303	0	2228
46.0	1.189829	2171	0	2120
47.0	1.189829	1956	0	1988
48.0	1.189829	2044	0	1950
49.0	1.189829	1903	0	1872
50.0	1.189829	1750	0	1772
51.0	1.189829	1731	0	1715
52.0	1.189829	1680	0	1695
53.0	1.189829	1607	0	1586
54.0	1.189829	1625	0	1603
55.0	1.189829	1525	0	1523
56.0	1.189829	1563	0	1559
57.0	1.189829	1468	0	1383
58.0	1.189829	1319	0	1407
59.0	1.189829	1398	0	1333
60.0	1.189829	1291	1	1303
61.0	1.189829	1263	0	1206
62.0	1.189829	1236	0	1213
63.0	1.189829	1199	0	1155
64.0	1.189829	1104	0	1113
65.0	1.189829	1074	0	1047
66.0	1.189829	1046	0	1049
67.0	1.189829	992	0	1053
68.0	1.189829	1111	0	1101
69.0	1.189829	1041	0	982
70.0	1.189829	955	0	942
71.0	1.189829	893	0	890
72.0	1.189829	907	0	911
73.0	1.189829	903	0	897
74.0	1.189829	879	0	897
75.0	1.189829	850	0	821
76.0	1.189829	894	0	872
77.0	1.189829	788	0	750
78.0	1.189829	703	0	728
79.0	1.189829	755	0	746
80.0	1.189829	763	0	705
81.0	1.189829	721	0	717
82.0	1.189829	707	0	677
83.0	1.189829	656	0	670
84.0	1.189829	644	0	657
85.0	1.189829	663	0	645
86.0	1.189829	664	0	664
87.0	1.189829	629	0	608
88.0	1.189829	590	0	597
89.0	1.189829	568	0	530
90.0	1.189829	574	0	575
91.0	1.189829	535	0	537
92.0	1.189829	556	0	585
93.0	1.189829	543	0	472
94.0	1.189829	493	0	515
95.0	1.189829	501	0	485
96.0	1.189829	522	0	519
97.0	1.189829	502	0	449
98.0	1.189829	459	0	474
99.0	1.189829	442	0	456
100.0	1.189829	454	0	468
101.0	0	445	0	473
102.0	0	491	0	455
103.0	0	447	0	438
104.0	0	451	0	434
105.0	0	423	0	433
106.0	0	403	0	388
107.0	0	414	0	386
108.0	0	371	0	347
109.0	0	368	0	360
110.0	0	329	0	355
111.0	0	368	0	385
112.0	0	376	0	347
113.0	0	349	0	375
114.0	0	363	0	392
115.0	0	366	0	370
116.0	0	365	0	323
117.0	0	340	0	336
118.0	0	353	0	341
119.0	0	327	0	329
120.0	0	331	0	309
121.0	0	329	0	302
122.0	0	275	0	273
123.0	0	289	0	275
124.0	0	269	0	276
125.0	0	274	0	277
126.0	0	269	0	259
127.0	0	261	0	263
128.0	0	262	0	278
129.0	0	282	0	276
130.0	0	265	0	234
131.0	0	247	0	255
132.0	0	253	0	237
133.0	0	242	0	246
134.0	0	216	0	250
135.0	0	242	0	223
136.0	0	247	0	234
137.0	0	236	0	237
138.0	0	226	0	224
139.0	0	217	0	220
140.0	0	227	0	245
141.0	0	230	0	202
142.0	0	217	0	207
143.0	0	203	0	205
144.0	0	222	0	203
145.0	0	202	0	217
146.0	0	207	0	199
147.0	0	206	0	223
148.0	0	208	0	183
149.0	0	197	0	176
150.0	0	189	0	191
151.0	0	167	0	182
152.0	0	194	0	167
153.0	0	183	0	167
154.0	0	152	0	161
155.0	0	162	0	191
156.0	0	186	0	176
157.0	0	155	0	174
158.0	0	179	0	175
159.0	0	173	0	163
160.0	0	168	0	158
161.0	0	183	0	189
162.0	0	161	0	170
163.0	0	159	0	150
164.0	0	154	0	131
165.0	0	156	0	178
166.0	0	166	0	144
167.0	0	138	0	149
168.0	0	148	0	155
169.0	0	151	0	151
170.0	0	149	0	141
171.0	0	149	0	141
172.0	0	141	0	142
173.0	0	143	0	119
174.0	0	132	0	129
175.0	0	125	0	121
176.0	0	132	0	141
177.0	0	127	0	139
178.0	0	131	0	112
179.0	0	104	0	109
180.0	0	137	0	126
181.0	0	129	0	122
182.0	0	132	0	133
183.0	0	122	0	122
184.0	0	108	0	119
185.0	0	129	0	100
186.0	0	118	0	116
187.0	0	98	0	107
188.0	0	110	0	109
189.0	0	113	0	119
190.0	0	109	0	98
191.0	0	105	0	108
192.0	0	90	0	99
193.0	0	119	0	116
194.0	0	111	0	104
195.0	0	108	0	103
196.0	0	104	0	88
197.0	0	82	0	87
198.0	0	92	0	80
199.0	0	91	0	100
200.0	0	100	0	106
201.0	0	100	0	86
202.0	0	90	0	110
203.0	0	105	0	101
204.0	0	116	0	96
205.0	0	88	0	80
206.0	0	70	0	87
207.0	0	90	0	102
208.0	0	96	0	80
209.0	0	84	0	95
210.0	0	95	0	66
211.0	0	93	0	89
212.0	0	76	0	84
213.0	0	77	0	92
214.0	0	86	0	73
215.0	0	78	0	89
216.0	0	70	0	67
217.0	0	84	0	75
218.0	0	77	0	85
219.0	0	73	0	67
220.0	0	85	0	89
221.0	0	63	0	67
222.0	0	73	0	81
223.0	0	88	0	83
224.0	0	65	0	81
225.0	0	81	0	69
226.0	0	76	0	53
227.0	0	85	0	70
228.0	0	69	0	68
229.0	0	53	0	72
230.0	0	82	0	77
231.0	0	71	0	61
232.0	0	65	0	80
233.0	0	83	0	64
234.0	0	65	0	84
235.0	0	64	0	65
236.0	0	66	0	58
237.0	0	71	0	73
238.0	0	77	0	62
239.0	0	63	0	52
240.0	0	63	0	54
241.0	0	55	0	59
242.0	0	39	0	59
243.0	0	59	0	74
244.0	0	50	0	45
245.0	0	65	0	50
246.0	0	65	0	78
247.0	0	64	0	51
248.0	0	52	0	48
249.0	0	57	0	52
250.0	0	62	0	53
251.0	0	48	0	64
252.0	0	55	0	62
253.0	0	49	0	47
254.0	0	68	0	52
255.0	0	41	0	56
256.0	0	59	0	33
257.0	0	60	0	46
258.0	0	44	0	35
259.0	0	42	0	49
260.0	0	43	0	41
261.0	0	35	0	41
262.0	0	37	0	58
263.0	0	56	0	46
264.0	0	48	0	52
265.0	0	48	0	51
266.0	0	56	0	50
267.0	0	45	0	55
268.0	0	48	0	42
269.0	0	50	0	43
270.0	0	46	0	34
271.0	0	45	0	48
272.0	0	50	0	43
273.0	0	39	0	54
274.0	0	34	0	46
275.0	0	47	0	47
276.0	0	52	0	30
277.0	0	42	0	47
278.0	0	45	0	40
279.0	0	51	0	36
280.0	0	34	0	45
281.0	0	37	0	40
282.0	0	42	0	41
283.0	0	44	0	26
284.0	0	30	0	38
285.0	0	47	0	47
286.0	0	23	0	53
287.0	0	41	0	42
288.0	0	43	0	45
289.0	0	44	0	46
290.0	0	52	0	36
291.0	0	47	0	32
292.0	0	32	0	38
293.0	0	37	0	36
294.0	0	43	0	36
295.0	0	45	0	30
296.0	0	27	0	30
297.0	0	33	0	29
298.0	0	37	0	38
299.0	0	38	0	30
300.0	0	24	0	35
301.0	0	35	0	37
302.0	0	28	0	30
303.0	0	31	0	28
304.0	0	21	0	30
305.0	0	36	0	22
306.0	0	35	0	35
307.0	0	26	0	30
308.0	0	31	0	32
309.0	0	31	0	27
310.0	0	32	0	22
311.0	0	35	0	36
312.0	0	20	0	27
313.0	0	22	0	41
314.0	0	28	0	33
315.0	0	39	0	26
316.0	0	32	0	28
317.0	0	27	0	31
318.0	0	36	0	30
319.0	0	29	0	27
320.0	0	33	0	24
321.0	0	34	0	32
322.0	0	38	0	32
323.0	0	26	0	29
324.0	0	33	0	23
325.0	0	24	0	34
326.0	0	18	0	30
327.0	0	20	0	28
328.0	0	37	0	35
329.0	0	28	0	25
330.0	0	26	0	25
331.0	0	27	0	24
332.0	0	23	0	32
333.0	0	28	0	26
334.0	0	23	0	32
335.0	0	38	0	28
336.0	0	28	0	21
337.0	0	28	0	24
338.0	0	27	0	22
339.0	0	15	0	21
340.0	0	28	0	29
341.0	0	27	0	26
342.0	0	25	0	26
343.0	0	21	0	21
344.0	0	24	0	25
345.0	0	30	0	23
346.0	0	21	0	11
347.0	0	20	0	18
348.0	0	22	0	25
349.0	0	21	0	25
350.0	0	20	0	19
351.0	0	22	0	23
352.0	0	22	0	23
353.0	0	22	0	25
354.0	0	24	0	18
355.0	0	18	0	21
356.0	0	26	0	17
357.0	0	27	0	28
358.0	0	19	0	29
359.0	0	25	0	17
360.0	0	19	0	22
361.0	0	22	0	16
362.0	0	26	0	25
363.0	0	16	0	12
364.0	0	20	0	26
365.0	0	16	0	29
366.0	0	23	0	19
367.0	0	23	0	21
368.0	0	21	0	25
369.0	0	19	0	24
370.0	0	16	0	18
371.0	0	22	0	25
372.0	0	20	0	21
373.0	0	28	0	22
374.0	0	19	0	19
375.0	0	31	0	28
376.0	0	20	0	16
377.0	0	23	0	14
378.0	0	22	0	20
379.0	0	18	0	15
380.0	0	28	0	23
381.0	0	13	0	16
382.0	0	12	0	24
383.0	0	12	0	19
384.0	0	20	0	19
385.0	0	20	0	18
386.0	0	27	0	20
387.0	0	15	0	15
388.0	0	20	0	23
389.0	0	19	0	18
390.0	0	15	0	19
391.0	0	20	0	11
392.0	0	13	0	18
393.0	0	16	0	14
394.0	0	20	0	22
395.0	0	22	0	12
396.0	0	21	0	18
397.0	0	15	0	13
398.0	0	18	0	13
399.0	0	14	0	13
400.0	0	11	0	18
401.0	0	18	0	19
402.0	0	13	0	12
403.0	0	15	0	16
404.0	0	11	0	13
405.0	0	21	0	14
406.0	0	21	0	19
407.0	0	13	0	22
408.0	0	11	0	19
409.0	0	16	0	7
410.0	0	17	0	11
411.0	0	15	0	11
412.0	0	12	0	16
413.0	0	16	0	10
414.0	0	11	0	21
415.0	0	15	0	15
416.0	0	7	0	21
417.0	0	19	0	12
418.0	0	15	0	12
419.0	0	14	0	15
420.0	0	19	0	18
421.0	0	10	0	11
422.0	0	16	0	13
423.0	0	15	0	9
424.0	0	19	0	17
425.0	0	16	0	8
426.0	0	13	0	15
427.0	0	12	0	14
428.0	0	10	0	16
429.0	0	7	0	12
430.0	0	16	0	9
431.0	0	17	0	21
432.0	0	15	0	13
433.0	0	10	0	18
434.0	0	12	0	14
435.0	0	15	0	10
436.0	0	17	0	13
437.0	0	15	0	13
438.0	0	12	0	12
439.0	0	18	0	9
440.0	0	12	0	9
441.0	0	10	0	9
442.0	0	14	0	20
443.0	0	8	0	8
444.0	0	8	0	11
445.0	0	7	0	8
446.0	0	11	0	14
447.0	0	17	0	6
448.0	0	12	0	13
449.0	0	7	0	12
450.0	0	12	0	12
451.0	0	12	0	11
452.0	0	9	0	10
453.0	0	12	0	12
454.0	0	12	0	10
455.0	0	10	0	10
456.0	0	12	0	11
457.0	0	8	0	10
458.0	0	12	0	19
459.0	0	17	0	9
460.0	0	12	0	7
461.0	0	8	0	5
462.0	0	15	0	12
463.0	0	13	0	10
464.0	0	4	0	13
465.0	0	11	0	17
466.0	0	10	0	13
467.0	0	13	0	10
468.0	0	13	0	7
469.0	0	10	0	6
470.0	0	8	0	12
471.0	0	9	0	9
472.0	0	13	0	9
473.0	0	9	0	8
474.0	0	14	0	1
475.0	0	7	0	9
476.0	0	8	0	12
477.0	0	8	0	16
478.0	0	3	0	10
479.0	0	6	0	4
480.0	0	13	0	11
481.0	0	15	0	15
482.0	0	9	0	17
483.0	0	11	0	6
484.0	0	6	0	11
485.0	0	9	0	12
486.0	0	9	0	7
487.0	0	10	0	9
488.0	0	13	0	10
489.0	0	10	0	9
490.0	0	12	0	7
491.0	0	12	0	7
492.0	0	11	0	10
493.0	0	6	0	7
494.0	0	5	0	11
495.0	0	10	0	13
496.0	0	9	0	9
497.0	0	8	0	8
498.0	0	5	0	10
499.0	0	6	0	11
500.0	0	7	0	12
501.0	0	18	0	7
502.0	0	8	0	9
503.0	0	9	0	9
504.0	0	12	0	13
505.0	0	13	0	5
506.0	0	12	0	6
507.0	0	7	0	8
508.0	0	4	0	12
509.0	0	10	0	10
510.0	0	9	0	5
511.0	0	5	0	13
512.0	0	6	0	12
513.0	0	6	0	6
514.0	0	4	0	5
515.0	0	15	0	9
516.0	0	16	0	9
517.0	0	11	0	8
518.0	0	10	0	13
519.0	0	5	0	6
520.0	0	8	0	4
521.0	0	9	0	16
522.0	0	14	0	8
523.0	0	9	0	6
524.0	0	8	0	13
525.0	0	9	0	9
526.0	0	6	0	7
527.0	0	10	0	9
528.0	0	9	0	12
529.0	0	6	0	8
530.0	0	8	0	9
531.0	0	13	0	6
532.0	0	11	0	5
533.0	0	6	0	3
534.0	0	10	0	9
535.0	0	8	0	4
536.0	0	4	0	4
537.0	0	4	0	11
538.0	0	13	0	9
539.0	0	7	0	7
540.0	0	5	0	9
541.0	0	5	0	7
542.0	0	12	0	6
543.0	0	6	0	8
544.0	0	5	0	6
545.0	0	6	0	9
546.0	0	6	0	6
547.0	0	2	0	8
548.0	0	14	0	8
549.0	0	8	0	3
550.0	0	1	0	7
551.0	0	11	0	6
552.0	0	9	0	9
553.0	0	7	0	6
554.0	0	6	0	2
555.0	0	7	0	10
556.0	0	7	0	7
557.0	0	10	0	8
558.0	0	2	0	5
559.0	0	1	0	4
560.0	0	5	0	5
561.0	0	12	0	9
562.0	0	8	0	7
563.0	0	7	0	6
564.0	0	5	0	10
565.0	0	6	0	4
566.0	0	10	0	7
567.0	0	6	0	3
568.0	0	6	0	9
569.0	0	7	0	6
570.0	0	5	0	4
571.0	0	11	0	6
572.0	0	6	0	7
573.0	0	3	0	4
574.0	0	3	0	4
575.0	0	6	0	3
576.0	0	3	0	3
577.0	0	8	0	4
578.0	0	4	0	8
579.0	0	2	0	2
580.0	0	4	0	6
581.0	0	4	0	2
582.0	0	8	0	8
583.0	0	6	0	8
584.0	0	5	0	6
585.0	0	5	0	5
586.0	0	1	0	1
587.0	0	8	0	7
588.0	0	9	0	3
589.0	0	6	0	4
590.0	0	3	0	4
591.0	0	1	0	4
592.0	0	4	0	2
593.0	0	6	0	5
594.0	0	8	0	5
595.0	0	2	0	6
596.0	0	4	0	9
597.0	0	4	0	6
598.0	0	1	0	7
599.0	0	6	0	7
600.0	0	4	0	6
601.0	0	8	0	6
602.0	0	4	0	3
603.0	0	9	0	6
604.0	0	2	0	2
605.0	0	3	0	1
606.0	0	4	0	5
607.0	0	13	0	6
608.0	0	2	0	6
609.0	0	4	0	4
610.0	0	4	0	4
611.0	0	6	0	4
612.0	0	1	0	6
613.0	0	5	0	4
614.0	0	6	0	3
615.0	0	3	0	1
616.0	0	4	0	3
617.0	0	1	0	4
618.0	0	2	0	4
619.0	0	9	0	4
620.0	0	2	0	6
621.0	0	6	0	5
622.0	0	6	0	1
623.0	0	4	0	4
624.0	0	4	0	2
625.0	0	4	0	7
626.0	0	4	0	8
627.0	0	9	0	5
628.0	0	1	0	4
629.0	0	4	0	1
630.0	0	3	0	8
631.0	0	1	0	3
632.0	0	5	0	2
633.0	0	7	0	3
634.0	0	4	0	4
635.0	0	4	0	3
636.0	0	2	0	5
637.0	0	2	0	5
638.0	0	6	0	0
639.0	0	2	0	8
640.0	0	3	0	3
641.0	0	3	0	1
642.0	0	6	0	7
643.0	0	5	0	1
644.0	0	5	0	7
645.0	0	5	0	3
646.0	0	4	0	7
647.0	0	3	0	2
648.0	0	3	0	3
649.0	0	4	0	5
650.0	0	5	0	3
651.0	0	5	0	3
652.0	0	6	0	2
653.0	0	2	0	5
654.0	0	5	0	6
655.0	0	3	0	3
656.0	0	1	0	6
657.0	0	6	0	3
658.0	0	1	0	2
659.0	0	6	0	3
660.0	0	5	0	5
661.0	0	8	0	4
662.0	0	3	0	3
663.0	0	1	0	4
664.0	0	5	0	8
665.0	0	3	0	4
666.0	0	4	0	4
667.0	0	3	0	3
668.0	0	3	0	3
669.0	0	2	0	4
670.0	0	7	0	6
671.0	0	7	0	6
672.0	0	2	0	4
673.0	0	3	0	3
674.0	0	3	0	7
675.0	0	4	0	3
676.0	0	4	0	2
677.0	0	5	0	4
678.0	0	6	0	1
679.0	0	3	0	3
680.0	0	3	0	2
681.0	0	2	0	5
682.0	0	1	0	3
683.0	0	8	0	4
684.0	0	4	0	5
685.0	0	3	0	4
686.0	0	3	0	2
687.0	0	6	0	3
688.0	0	4	0	1
689.0	0	1	0	0
690.0	0	3	0	1
691.0	0	3	0	4
692.0	0	2	0	3
693.0	0	4	0	1
694.0	0	3	0	3
695.0	0	4	0	3
696.0	0	1	0	6
697.0	0	4	0	2
698.0	0	3	0	3
699.0	0	1	0	3
700.0	0	3	0	1
701.0	0	1	0	6
702.0	0	2	0	4
703.0	0	2	0	6
704.0	0	3	0	5
705.0	0	4	0	3
706.0	0	5	0	0
707.0	0	3	0	2
708.0	0	1	0	4
709.0	0	5	0	1
710.0	0	5	0	3
711.0	0	4	0	6
712.0	0	1	0	6
713.0	0	2	0	1
714.0	0	2	0	3
715.0	0	4	0	0
716.0	0	4	0	0
717.0	0	5	0	4
718.0	0	1	0	1
719.0	0	0	0	4
720.0	0	5	0	3
721.0	0	5	0	7
722.0	0	5	0	3
723.0	0	5	0	3
724.0	0	4	0	2
725.0	0	1	0	0
726.0	0	1	0	3
727.0	0	1	0	4
728.0	0	4	0	1
729.0	0	4	0	2
730.0	0	0	0	3
731.0	0	1	0	1
732.0	0	4	0	2
733.0	0	3	0	1
734.0	0	1	0	1
735.0	0	3	0	2
736.0	0	2	0	0
737.0	0	1	0	1
738.0	0	1	0	2
739.0	0	2	0	1
740.0	0	3	0	4
741.0	0	2	0	6
742.0	0	2	0	5
743.0	0	1	0	3
744.0	0	1	0	5
745.0	0	2	0	3
746.0	0	2	0	5
747.0	0	3	0	3
748.0	0	1	0	3
749.0	0	1	0	4
750.0	0	4	0	2
751.0	0	4	0	2
752.0	0	6	0	2
753.0	0	8	0	3
754.0	0	1	0	4
755.0	0	2	0	4
756.0	0	5	0	1
757.0	0	2	0	1
758.0	0	3	0	2
759.0	0	3	0	2
760.0	0	1	0	3
761.0	0	2	0	0
762.0	0	4	0	3
763.0	0	6	0	1
764.0	0	2	0	2
765.0	0	4	0	2
767.0	0	1	0	1
768.0	0	3	0	2
769.0	0	1	0	2
770.0	0	0	0	2
771.0	0	2	0	2
772.0	0	1	0	2
773.0	0	4	0	0
774.0	0	0	0	2
775.0	0	1	0	3
776.0	0	4	0	1
777.0	0	0	0	1
778.0	0	1	0	1
779.0	0	4	0	2
780.0	0	0	0	3
781.0	0	1	0	1
782.0	0	1	0	4
783.0	0	4	0	3
784.0	0	0	0	3
785.0	0	0	0	2
786.0	0	1	0	1
787.0	0	1	0	2
788.0	0	3	0	0
789.0	0	3	0	2
790.0	0	1	0	2
791.0	0	2	0	1
792.0	0	2	0	3
793.0	0	3	0	4
794.0	0	2	0	1
795.0	0	1	0	3
796.0	0	5	0	5
797.0	0	3	0	2
798.0	0	5	0	1
799.0	0	1	0	2
800.0	0	1	0	1
801.0	0	3	0	3
802.0	0	2	0	1
803.0	0	2	0	2
804.0	0	5	0	2
805.0	0	2	0	3
806.0	0	2	0	2
807.0	0	1	0	3
808.0	0	1	0	0
809.0	0	1	0	2
810.0	0	1	0	2
811.0	0	2	0	1
812.0	0	4	0	0
813.0	0	4	0	1
814.0	0	2	0	1
815.0	0	1	0	3
816.0	0	2	0	1
817.0	0	0	0	2
818.0	0	1	0	1
819.0	0	0	0	5
820.0	0	0	0	3
821.0	0	0	0	1
822.0	0	0	0	3
823.0	0	4	0	1
824.0	0	3	0	3
825.0	0	2	0	2
826.0	0	1	0	1
827.0	0	2	0	2
828.0	0	3	0	4
829.0	0	0	0	1
830.0	0	2	0	0
831.0	0	3	0	0
832.0	0	3	0	2
833.0	0	3	0	2
834.0	0	2	0	0
835.0	0	1	0	0
836.0	0	2	0	2
837.0	0	2	0	0
838.0	0	1	0	2
839.0	0	4	0	3
840.0	0	3	0	2
841.0	0	1	0	1
842.0	0	0	0	1
843.0	0	2	0	4
844.0	0	0	0	4
845.0	0	0	0	1
846.0	0	0	0	1
847.0	0	4	0	4
848.0	0	2	0	0
849.0	0	3	0	4
850.0	0	2	0	2
851.0	0	1	0	4
852.0	0	2	0	1
854.0	0	2	0	2
855.0	0	2	0	1
856.0	0	5	0	4
858.0	0	1	0	1
859.0	0	3	0	0
860.0	0	1	0	0
861.0	0	2	0	0
862.0	0	3	0	4
863.0	0	2	0	1
864.0	0	3	0	2
865.0	0	1	0	0
866.0	0	1	0	3
867.0	0	1	0	1
868.0	0	1	0	1
869.0	0	0	0	1
870.0	0	3	0	3
871.0	0	1	0	1
872.0	0	3	0	4
873.0	0	1	0	1
874.0	0	2	0	1
875.0	0	0	0	1
876.0	0	1	0	1
877.0	0	3	0	2
878.0	0	2	0	0
879.0	0	0	0	1
880.0	0	1	0	1
881.0	0	1	0	1
882.0	0	3	0	0
883.0	0	2	0	0
884.0	0	2	0	4
886.0	0	0	0	1
887.0	0	0	0	1
888.0	0	0	0	2
889.0	0	1	0	1
890.0	0	2	0	2
891.0	0	0	0	2
892.0	0	2	0	1
893.0	0	2	0	3
894.0	0	0	0	2
895.0	0	0	0	1
896.0	0	0	0	1
897.0	0	4	0	1
898.0	0	3	0	0
899.0	0	2	0	3
900.0	0	1	0	1
901.0	0	0	0	2
902.0	0	3	0	0
903.0	0	1	0	1
904.0	0	1	0	0
906.0	0	3	0	1
907.0	0	1	0	2
908.0	0	0	0	2
909.0	0	1	0	2
910.0	0	1	0	0
911.0	0	1	0	1
912.0	0	1	0	5
913.0	0	1	0	1
915.0	0	2	0	2
916.0	0	3	0	3
917.0	0	1	0	0
918.0	0	0	0	2
919.0	0	4	0	0
920.0	0	0	0	1
921.0	0	1	0	3
922.0	0	1	0	3
923.0	0	2	0	3
924.0	0	3	0	0
925.0	0	1	0	0
926.0	0	2	0	1
927.0	0	3	0	2
928.0	0	0	0	2
929.0	0	1	0	2
930.0	0	2	0	1
931.0	0	3	0	2
932.0	0	1	0	1
933.0	0	2	0	0
934.0	0	1	0	0
935.0	0	2	0	1
936.0	0	1	0	2
937.0	0	1	0	2
938.0	0	0	0	1
939.0	0	1	0	0
940.0	0	2	0	2
941.0	0	1	0	0
942.0	0	1	0	1
943.0	0	2	0	3
944.0	0	1	0	2
945.0	0	4	0	2
946.0	0	0	0	1
947.0	0	0	0	5
948.0	0	0	0	2
949.0	0	3	0	1
950.0	0	0	0	1
951.0	0	2	0	0
952.0	0	2	0	0
953.0	0	1	0	0
954.0	0	2	0	2
955.0	0	2	0	0
956.0	0	4	0	4
957.0	0	1	0	0
958.0	0	1	0	1
960.0	0	1	0	1
961.0	0	1	0	2
962.0	0	1	0	0
963.0	0	2	0	1
964.0	0	2	0	1
965.0	0	0	0	2
966.0	0	1	0	3
967.0	0	1	0	0
969.0	0	1	0	2
971.0	0	3	0	2
972.0	0	2	0	0
973.0	0	0	0	4
974.0	0	1	0	2
975.0	0	1	0	1
976.0	0	2	0	0
978.0	0	0	0	1
979.0	0	0	0	1
980.0	0	3	0	1
981.0	0	1	0	3
982.0	0	1	0	0
983.0	0	3	0	1
984.0	0	1	0	1
985.0	0	1	0	1
986.0	0	2	0	1
987.0	0	1	0	2
988.0	0	0	0	1
989.0	0	2	0	3
990.0	0	1	0	3
991.0	0	0	0	1
992.0	0	2	0	0
993.0	0	1	0	1
994.0	0	1	0	1
996.0	0	0	0	1
997.0	0	2	0	0
998.0	0	3	0	2
999.0	0	1	0	1
1000.0	0	4	0	2
1001.0	0	1	0	1
1002.0	0	2	0	0
1004.0	0	1	0	0
1005.0	0	1	0	1
1006.0	0	0	0	3
1007.0	0	2	0	1
1008.0	0	0	0	1
1009.0	0	1	0	2
1011.0	0	0	0	1
1012.0	0	2	0	1
1013.0	0	0	0	1
1014.0	0	0	0	5
1015.0	0	1	0	1
1016.0	0	0	0	2
1017.0	0	0	0	1
1018.0	0	2	0	1
1019.0	0	2	0	0
1020.0	0	1	0	0
1021.0	0	1	0	3
1022.0	0	2	0	1
1023.0	0	3	0	2
1024.0	0	3	0	3
1025.0	0	4	0	0
1026.0	0	1	0	0
1027.0	0	1	0	0
1029.0	0	0	0	2
1030.0	0	0	0	2
1031.0	0	1	0	3
1032.0	0	2	0	4
1033.0	0	1	0	2
1034.0	0	0	0	1
1035.0	0	2	0	2
1036.0	0	0	0	2
1037.0	0	3	0	0
1038.0	0	1	0	0
1039.0	0	0	0	1
1041.0	0	4	0	1
1042.0	0	2	0	0
1043.0	0	2	0	3
1044.0	0	3	0	1
1045.0	0	4	0	0
1046.0	0	0	0	1
1047.0	0	0	0	2
1048.0	0	2	0	0
1049.0	0	2	0	1
1050.0	0	1	0	0
1051.0	0	1	0	3
1053.0	0	1	0	0
1054.0	0	1	0	1
1055.0	0	1	0	0
1056.0	0	2	0	0
1057.0	0	0	0	1
1058.0	0	1	0	0
1060.0	0	1	0	3
1062.0	0	1	0	0
1063.0	0	2	0	0
1064.0	0	2	0	0
1070.0	0	1	0	0
1072.0	0	1	0	1
1073.0	0	0	0	1
1074.0	0	0	0	2
1075.0	0	1	0	0
1077.0	0	0	0	1
1079.0	0	1	0	1
1081.0	0	1	0	0
1083.0	0	1	0	2
1084.0	0	1	0	0
1086.0	0	0	0	1
1087.0	0	1	0	1
1089.0	0	1	0	0
1090.0	0	0	0	1
1091.0	0	1	0	0
1092.0	0	0	0	2
1094.0	0	1	0	1
1095.0	0	0	0	2
1096.0	0	1	0	1
1099.0	0	1	0	1
1101.0	0	1	0	2
1103.0	0	1	0	2
1104.0	0	2	0	0
1106.0	0	0	0	1
1107.0	0	1	0	0
1109.0	0	1	0	1
1111.0	0	3	0	2
1112.0	0	1	0	1
1113.0	0	1	0	1
1114.0	0	0	0	2
1115.0	0	1	0	2
1116.0	0	0	0	1
1118.0	0	1	0	0
1119.0	0	2	0	1
1121.0	0	0	0	1
1125.0	0	2	0	1
1126.0	0	1	0	0
1127.0	0	2	0	0
1128.0	0	1	0	0
1129.0	0	1	0	0
1131.0	0	1	0	0
1132.0	0	0	0	1
1133.0	0	3	0	0
1134.0	0	0	0	1
1136.0	0	0	0	3
1138.0	0	0	0	2
1139.0	0	0	0	1
1142.0	0	1	0	1
1143.0	0	1	0	0
1144.0	0	1	0	0
1145.0	0	1	0	1
1148.0	0	1	0	1
1149.0	0	0	0	1
1151.0	0	1	0	0
1152.0	0	0	0	2
1153.0	0	2	0	0
1154.0	0	0	0	2
1155.0	0	0	0	1
1157.0	0	1	0	0
1158.0	0	1	0	0
1159.0	0	1	0	1
1161.0	0	1	0	0
1163.0	0	0	0	1
1164.0	0	1	0	0
1166.0	0	2	0	0
1167.0	0	0	0	2
1169.0	0	1	0	0
1170.0	0	0	0	1
1171.0	0	0	0	2
1172.0	0	0	0	1
1175.0	0	1	0	1
1176.0	0	1	0	0
1177.0	0	1	0	0
1178.0	0	1	0	0
1180.0	0	2	0	0
1181.0	0	0	0	1
1182.0	0	0	0	1
1183.0	0	1	0	2
1184.0	0	1	0	0
1185.0	0	1	0	2
1186.0	0	0	0	1
1188.0	0	1	0	0
1192.0	0	1	0	3
1196.0	0	1	0	2
1197.0	0	1	0	0
1198.0	0	2	0	1
1199.0	0	0	0	1
1200.0	0	1	0	0
1203.0	0	1	0	0
1204.0	0	0	0	2
1205.0	0	3	0	1
1206.0	0	2	0	0
1207.0	0	0	0	2
1208.0	0	1	0	1
1210.0	0	0	0	1
1211.0	0	0	0	1
1213.0	0	0	0	1
1217.0	0	1	0	2
1219.0	0	1	0	0
1220.0	0	3	0	1
1221.0	0	1	0	2
1222.0	0	1	0	1
1223.0	0	1	0	1
1224.0	0	1	0	1
1225.0	0	0	0	3
1226.0	0	0	0	1
1227.0	0	0	0	2
1228.0	0	2	0	0
1231.0	0	1	0	0
1232.0	0	2	0	1
1234.0	0	2	0	0
1235.0	0	2	0	0
1236.0	0	1	0	1
1237.0	0	1	0	1
1238.0	0	2	0	0
1239.0	0	1	0	0
1240.0	0	1	0	0
1242.0	0	0	0	1
1246.0	0	1	0	1
1247.0	0	0	0	2
1249.0	0	0	0	1
1251.0	0	1	0	1
1253.0	0	0	0	2
1254.0	0	1	0	0
1255.0	0	1	0	1
1256.0	0	0	0	1
1257.0	0	0	0	1
1258.0	0	2	0	0
1259.0	0	1	0	2
1260.0	0	1	0	0
1263.0	0	0	0	2
1266.0	0	2	0	0
1268.0	0	3	0	1
1269.0	0	1	0	0
1270.0	0	0	0	1
1271.0	0	1	0	0
1272.0	0	1	0	0
1273.0	0	1	0	1
1279.0	0	2	0	0
1281.0	0	0	0	3
1282.0	0	1	0	0
1284.0	0	0	0	1
1285.0	0	0	0	1
1286.0	0	1	0	0
1295.0	0	1	0	1
1297.0	0	2	0	1
1298.0	0	1	0	1
1299.0	0	0	0	1
1303.0	0	1	0	0
1307.0	0	1	0	1
1308.0	0	0	0	1
1309.0	0	2	0	1
1310.0	0	1	0	0
1311.0	0	0	0	1
1313.0	0	1	0	0
1319.0	0	1	0	0
1322.0	0	0	0	1
1323.0	0	0	0	1
1324.0	0	1	0	0
1325.0	0	1	0	1
1332.0	0	1	0	0
1333.0	0	1	0	0
1334.0	0	0	0	1
1339.0	0	1	0	0
1340.0	0	0	0	1
1341.0	0	0	0	1
1343.0	0	0	0	2
1344.0	0	1	0	2
1351.0	0	0	0	1
1352.0	0	1	0	0
1353.0	0	0	0	1
1354.0	0	1	0	0
1356.0	0	1	0	2
1358.0	0	1	0	0
1361.0	0	1	0	0
1362.0	0	1	0	1
1363.0	0	0	0	1
1364.0	0	1	0	0
1365.0	0	0	0	1
1366.0	0	0	0	1
1367.0	0	2	0	0
1372.0	0	1	0	1
1375.0	0	0	0	1
1376.0	0	1	0	0
1377.0	0	0	0	3
1378.0	0	1	0	0
1380.0	0	0	0	1
1381.0	0	1	0	1
1384.0	0	0	0	1
1386.0	0	1	0	0
1387.0	0	1	0	0
1388.0	0	1	0	1
1390.0	0	1	0	0
1391.0	0	1	0	0
1392.0	0	1	0	1
1396.0	0	1	0	0
1399.0	0	1	0	0
1400.0	0	1	0	0
1401.0	0	0	0	1
1403.0	0	0	0	1
1406.0	0	0	0	1
1407.0	0	1	0	0
1408.0	0	0	0	2
1411.0	0	0	0	1
1412.0	0	1	0	0
1413.0	0	1	0	1
1416.0	0	0	0	1
1418.0	0	0	0	1
1419.0	0	2	0	0
1422.0	0	1	0	0
1424.0	0	2	0	1
1425.0	0	1	0	0
1429.0	0	1	0	0
1430.0	0	1	0	0
1431.0	0	0	0	1
1434.0	0	0	0	1
1442.0	0	1	0	0
1444.0	0	0	0	1
1445.0	0	1	0	2
1448.0	0	0	0	1
1449.0	0	1	0	0
1453.0	0	1	0	0
1456.0	0	0	0	1
1460.0	0	0	0	1
1463.0	0	1	0	1
1465.0	0	1	0	1
1467.0	0	1	0	0
1472.0	0	0	0	1
1473.0	0	1	0	1
1474.0	0	1	0	0
1475.0	0	1	0	0
1476.0	0	0	0	1
1481.0	0	1	0	0
1483.0	0	1	0	1
1486.0	0	1	0	0
1488.0	0	0	0	1
1492.0	0	1	0	0
1497.0	0	0	0	1
1498.0	0	0	0	1
1499.0	0	0	0	1
1502.0	0	0	0	1
1503.0	0	1	0	0
1507.0	0	1	0	0
1510.0	0	1	0	1
1513.0	0	1	0	0
1514.0	0	1	0	1
1518.0	0	1	0	1
1519.0	0	0	0	1
1525.0	0	0	0	1
1526.0	0	0	0	2
1527.0	0	2	0	0
1529.0	0	0	0	1
1531.0	0	1	0	0
1534.0	0	1	0	1
1535.0	0	0	0	1
1536.0	0	0	0	1
1541.0	0	0	0	2
1542.0	0	1	0	0
1543.0	0	2	0	0
1544.0	0	1	0	0
1545.0	0	2	0	1
1547.0	0	0	0	1
1550.0	0	0	0	1
1552.0	0	0	0	1
1553.0	0	1	0	0
1561.0	0	1	0	0
1562.0	0	2	0	0
1569.0	0	0	0	1
1571.0	0	1	0	0
1574.0	0	1	0	0
1576.0	0	1	0	0
1592.0	0	0	0	1
1595.0	0	1	0	0
1603.0	0	0	0	1
1607.0	0	0	0	1
1613.0	0	1	0	0
1616.0	0	0	0	1
1617.0	0	0	0	1
1620.0	0	1	0	0
1622.0	0	1	0	0
1633.0	0	1	0	0
1640.0	0	1	0	0
1644.0	0	0	0	1
1648.0	0	0	0	1
1657.0	0	1	0	0
1658.0	0	0	0	1
1665.0	0	1	0	1
1676.0	0	1	0	1
1677.0	0	1	0	0
1679.0	0	0	0	2
1687.0	0	0	0	1
1690.0	0	0	0	1
1693.0	0	1	0	1
1699.0	0	1	0	0
1700.0	0	0	0	1
1701.0	0	1	0	0
1704.0	0	0	0	1
1707.0	0	1	0	0
1711.0	0	2	0	0
1712.0	0	1	0	0
1715.0	0	0	0	1
1723.0	0	1	0	0
1726.0	0	0	0	1
1728.0	0	1	0	0
1741.0	0	1	0	0
1754.0	0	0	0	1
1778.0	0	0	0	1
1781.0	0	1	0	0
1783.0	0	0	0	1
1790.0	0	1	0	0
1805.0	0	1	0	0
1807.0	0	0	0	3
1818.0	0	0	0	1
1827.0	0	1	0	0
1835.0	0	1	0	0
1837.0	0	1	0	0
1842.0	0	0	0	1
1843.0	0	1	0	0
1844.0	0	0	0	1
1856.0	0	0	0	1
1864.0	0	1	0	0
1866.0	0	1	0	0
1877.0	0	1	0	0
1901.0	0	0	0	1
1905.0	0	0	0	1
1907.0	0	0	0	1
1908.0	0	0	0	1
1919.0	0	1	0	0
1920.0	0	0	0	1
1923.0	0	1	0	0
1924.0	0	1	0	0
1930.0	0	0	0	1
1931.0	0	1	0	0
1941.0	0	0	0	1
1942.0	0	1	0	0
1945.0	0	1	0	0
1958.0	0	0	0	1
1968.0	0	1	0	0
1973.0	0	0	0	1
1989.0	0	1	0	0
1992.0	0	1	0	0
2003.0	0	0	0	1
2006.0	0	0	0	1
2013.0	0	1	0	0
2031.0	0	1	0	1
2043.0	0	0	0	1
2051.0	0	0	0	1
2052.0	0	0	0	2
2059.0	0	1	0	0
2060.0	0	0	0	1
2061.0	0	1	0	0
2075.0	0	1	0	0
2078.0	0	2	0	0
2095.0	0	1	0	1
2097.0	0	0	0	1
2117.0	0	1	0	0
2118.0	0	1	0	0
2123.0	0	0	0	1
2156.0	0	1	0	1
2162.0	0	0	0	1
2172.0	0	0	0	1
2175.0	0	1	0	0
2179.0	0	0	0	1
2184.0	0	1	0	0
2206.0	0	1	0	0
2208.0	0	1	0	1
2241.0	0	1	0	0
2279.0	0	0	0	1
2303.0	0	1	0	0
2319.0	0	0	0	1
2326.0	0	0	0	2
2340.0	0	1	0	0
2351.0	0	1	0	0
2352.0	0	1	0	0
2410.0	0	0	0	1
2424.0	0	0	0	1
2435.0	0	1	0	0
2454.0	0	1	0	0
2556.0	0	0	0	1
2568.0	0	0	0	1
2594.0	0	1	0	0
2599.0	0	1	0	0
2767.0	0	0	0	1
2791.0	0	1	0	0
2816.0	0	0	0	1
2843.0	0	1	0	0
3016.0	0	0	0	1
3028.0	0	0	0	1
3040.0	0	1	0	0
3068.0	0	1	0	0
3085.0	0	0	0	1
3116.0	0	0	0	1
3117.0	0	1	0	0
3150.0	0	1	0	0
3395.0	0	0	0	1
3427.0	0	1	0	0
3535.0	0	0	0	1
3576.0	0	1	0	0
3721.0	0	0	0	1
3737.0	0	1	0	0
3814.0	0	0	0	1
3857.0	0	1	0	0
4305.0	0	0	0	1
4364.0	0	1	0	0

