## htsjdk.samtools.metrics.StringHeader
# MarkDuplicates --INPUT data/mapped_data/ATAC_D0_repl_2_LSD1i_S38_trimmed_Aligned.sortedByCoord.out.bam --OUTPUT data/mapped_data/ATAC_D0_repl_2_LSD1i_S38_trimmed_Aligned.sortedByCoord.dupMarker.out.bam --METRICS_FILE qc_reports/mapping_reads/ATAC_D0_repl_2_LSD1i_S38_trimmed_marked_dup_metrics.txt --MAX_SEQUENCES_FOR_DISK_READ_ENDS_MAP 50000 --MAX_FILE_HANDLES_FOR_READ_ENDS_MAP 8000 --SORTING_COLLECTION_SIZE_RATIO 0.25 --TAG_DUPLICATE_SET_MEMBERS false --REMOVE_SEQUENCING_DUPLICATES false --TAGGING_POLICY DontTag --CLEAR_DT true --DUPLEX_UMI false --ADD_PG_TAG_TO_READS true --REMOVE_DUPLICATES false --ASSUME_SORTED false --DUPLICATE_SCORING_STRATEGY SUM_OF_BASE_QUALITIES --PROGRAM_RECORD_ID MarkDuplicates --PROGRAM_GROUP_NAME MarkDuplicates --READ_NAME_REGEX <optimized capture of last three ':' separated fields as numeric values> --OPTICAL_DUPLICATE_PIXEL_DISTANCE 100 --MAX_OPTICAL_DUPLICATE_SET_SIZE 300000 --VERBOSITY INFO --QUIET false --VALIDATION_STRINGENCY STRICT --COMPRESSION_LEVEL 5 --MAX_RECORDS_IN_RAM 500000 --CREATE_INDEX false --CREATE_MD5_FILE false --GA4GH_CLIENT_SECRETS client_secrets.json --help false --version false --showHidden false --USE_JDK_DEFLATER false --USE_JDK_INFLATER false
## htsjdk.samtools.metrics.StringHeader
# Started on: Thu Aug 19 05:11:07 PDT 2021

## METRICS CLASS	picard.sam.DuplicationMetrics
LIBRARY	UNPAIRED_READS_EXAMINED	READ_PAIRS_EXAMINED	SECONDARY_OR_SUPPLEMENTARY_RDS	UNMAPPED_READS	UNPAIRED_READ_DUPLICATES	READ_PAIR_DUPLICATES	READ_PAIR_OPTICAL_DUPLICATES	PERCENT_DUPLICATION	ESTIMATED_LIBRARY_SIZE
Unknown Library	1620	49046935	17049151	0	1099	27286025	567457	0.556327	25624727

## HISTOGRAM	java.lang.Double
BIN	CoverageMult	all_sets	optical_sets	non_optical_sets
1.0	1.003889	14635063	0	14802851
2.0	1.151945	4400867	437918	4337599
3.0	1.17378	1413056	29654	1358720
4.0	1.177001	489661	7658	462404
5.0	1.177476	197507	3401	186182
6.0	1.177546	100378	1729	95796
7.0	1.177556	62661	911	61007
8.0	1.177557	46152	591	45264
9.0	1.177558	36254	394	35809
10.0	1.177558	30067	272	29667
11.0	1.177558	25385	156	25019
12.0	1.177558	21558	109	21390
13.0	1.177558	19308	77	19227
14.0	1.177558	16654	60	16410
15.0	1.177558	14918	60	14854
16.0	1.177558	13610	54	13578
17.0	1.177558	12257	29	12020
18.0	1.177558	11085	28	11075
19.0	1.177558	10057	16	10029
20.0	1.177558	9230	19	9151
21.0	1.177558	8683	18	8487
22.0	1.177558	7829	12	7736
23.0	1.177558	7139	13	7036
24.0	1.177558	6782	4	6794
25.0	1.177558	6309	7	6222
26.0	1.177558	5758	1	5750
27.0	1.177558	5624	7	5505
28.0	1.177558	5041	3	4999
29.0	1.177558	4896	2	4841
30.0	1.177558	4493	1	4428
31.0	1.177558	4392	0	4330
32.0	1.177558	4017	1	4003
33.0	1.177558	3846	3	3818
34.0	1.177558	3628	2	3518
35.0	1.177558	3365	4	3444
36.0	1.177558	3206	0	3139
37.0	1.177558	3119	0	3060
38.0	1.177558	2948	0	2999
39.0	1.177558	2830	1	2771
40.0	1.177558	2691	0	2628
41.0	1.177558	2612	0	2640
42.0	1.177558	2475	1	2431
43.0	1.177558	2344	0	2272
44.0	1.177558	2253	0	2247
45.0	1.177558	2166	0	2154
46.0	1.177558	2092	0	2141
47.0	1.177558	2045	0	1975
48.0	1.177558	1919	1	1882
49.0	1.177558	1804	0	1766
50.0	1.177558	1718	0	1715
51.0	1.177558	1691	0	1671
52.0	1.177558	1676	0	1666
53.0	1.177558	1628	0	1577
54.0	1.177558	1522	0	1490
55.0	1.177558	1475	1	1453
56.0	1.177558	1434	0	1377
57.0	1.177558	1336	0	1394
58.0	1.177558	1362	0	1358
59.0	1.177558	1311	0	1336
60.0	1.177558	1242	0	1249
61.0	1.177558	1281	0	1221
62.0	1.177558	1224	0	1209
63.0	1.177558	1136	0	1119
64.0	1.177558	1114	1	1078
65.0	1.177558	1050	0	1021
66.0	1.177558	1015	0	1031
67.0	1.177558	989	0	977
68.0	1.177558	989	0	982
69.0	1.177558	991	0	927
70.0	1.177558	925	0	942
71.0	1.177558	871	0	864
72.0	1.177558	845	0	834
73.0	1.177558	846	0	879
74.0	1.177558	894	0	836
75.0	1.177558	791	0	802
76.0	1.177558	768	0	819
77.0	1.177558	789	0	764
78.0	1.177558	769	0	754
79.0	1.177558	766	0	764
80.0	1.177558	745	0	683
81.0	1.177558	680	0	711
82.0	1.177558	697	0	681
83.0	1.177558	640	0	636
84.0	1.177558	633	0	606
85.0	1.177558	618	0	587
86.0	1.177558	563	0	587
87.0	1.177558	632	0	627
88.0	1.177558	590	0	576
89.0	1.177558	565	0	541
90.0	1.177558	551	0	588
91.0	1.177558	580	0	540
92.0	1.177558	524	0	500
93.0	1.177558	497	0	486
94.0	1.177558	500	0	488
95.0	1.177558	505	0	490
96.0	1.177558	453	0	459
97.0	1.177558	446	0	484
98.0	1.177558	485	0	508
99.0	1.177558	460	0	419
100.0	1.177558	442	0	432
101.0	0	468	0	455
102.0	0	424	0	438
103.0	0	427	0	430
104.0	0	432	0	418
105.0	0	402	0	378
106.0	0	393	0	379
107.0	0	396	0	354
108.0	0	374	0	366
109.0	0	366	0	379
110.0	0	365	0	378
111.0	0	356	0	342
112.0	0	355	0	352
113.0	0	365	0	345
114.0	0	309	0	304
115.0	0	311	0	339
116.0	0	343	0	311
117.0	0	305	0	312
118.0	0	334	0	365
119.0	0	337	0	293
120.0	0	302	0	283
121.0	0	284	0	286
122.0	0	284	0	306
123.0	0	303	0	299
124.0	0	288	0	294
125.0	0	282	0	300
126.0	0	290	0	285
127.0	0	319	0	275
128.0	0	248	0	270
129.0	0	268	0	253
130.0	0	253	0	247
131.0	0	255	0	249
132.0	0	249	0	260
133.0	0	268	0	244
134.0	0	219	0	218
135.0	0	237	0	219
136.0	0	230	0	242
137.0	0	233	0	219
138.0	0	209	0	226
139.0	0	229	0	195
140.0	0	214	0	252
141.0	0	212	0	213
142.0	0	237	0	227
143.0	0	220	0	225
144.0	0	201	0	185
145.0	0	216	0	211
146.0	0	191	0	191
147.0	0	196	0	179
148.0	0	185	0	187
149.0	0	180	0	183
150.0	0	188	0	194
151.0	0	189	0	177
152.0	0	178	0	164
153.0	0	169	0	177
154.0	0	164	0	175
155.0	0	175	0	158
156.0	0	165	0	167
157.0	0	174	0	172
158.0	0	183	0	181
159.0	0	169	0	160
160.0	0	171	0	177
161.0	0	154	0	150
162.0	0	145	0	151
163.0	0	161	0	150
164.0	0	164	0	176
165.0	0	152	0	141
166.0	0	141	0	133
167.0	0	158	0	139
168.0	0	140	0	130
169.0	0	149	0	142
170.0	0	120	0	118
171.0	0	121	0	135
172.0	0	137	0	124
173.0	0	126	0	122
174.0	0	124	0	123
175.0	0	113	0	114
176.0	0	115	0	125
177.0	0	132	0	123
178.0	0	124	0	131
179.0	0	127	0	99
180.0	0	103	0	122
181.0	0	125	0	119
182.0	0	110	0	109
183.0	0	107	0	124
184.0	0	122	0	128
185.0	0	122	0	125
186.0	0	108	0	112
187.0	0	119	0	121
188.0	0	118	0	122
189.0	0	110	0	110
190.0	0	129	0	104
191.0	0	107	0	104
192.0	0	104	0	112
193.0	0	113	0	81
194.0	0	104	0	119
195.0	0	103	0	116
196.0	0	116	0	113
197.0	0	111	0	96
198.0	0	93	0	99
199.0	0	103	0	101
200.0	0	91	0	93
201.0	0	104	0	104
202.0	0	103	0	111
203.0	0	108	0	89
204.0	0	100	0	77
205.0	0	95	0	75
206.0	0	72	0	87
207.0	0	73	0	99
208.0	0	96	0	84
209.0	0	84	0	75
210.0	0	81	0	86
211.0	0	87	0	69
212.0	0	64	0	65
213.0	0	74	0	84
214.0	0	78	0	71
215.0	0	73	0	70
216.0	0	79	0	62
217.0	0	74	0	73
218.0	0	76	0	67
219.0	0	58	0	69
220.0	0	80	0	78
221.0	0	57	0	74
222.0	0	73	0	70
223.0	0	77	0	72
224.0	0	72	0	83
225.0	0	81	0	73
226.0	0	77	0	75
227.0	0	77	0	72
228.0	0	61	0	59
229.0	0	69	0	62
230.0	0	77	0	68
231.0	0	54	0	63
232.0	0	57	0	63
233.0	0	62	0	69
234.0	0	59	0	64
235.0	0	71	0	48
236.0	0	54	0	66
237.0	0	63	0	62
238.0	0	65	0	68
239.0	0	66	0	58
240.0	0	65	0	73
241.0	0	69	0	61
242.0	0	60	0	64
243.0	0	57	0	59
244.0	0	57	0	67
245.0	0	64	0	61
246.0	0	59	0	64
247.0	0	60	0	57
248.0	0	51	0	56
249.0	0	75	0	58
250.0	0	57	0	48
251.0	0	54	0	67
252.0	0	50	0	43
253.0	0	63	0	52
254.0	0	63	0	64
255.0	0	58	0	55
256.0	0	48	0	67
257.0	0	59	0	47
258.0	0	65	0	55
259.0	0	50	0	48
260.0	0	59	0	43
261.0	0	46	0	49
262.0	0	40	0	48
263.0	0	47	0	44
264.0	0	51	0	52
265.0	0	42	0	55
266.0	0	55	0	39
267.0	0	47	0	51
268.0	0	43	0	42
269.0	0	42	0	45
270.0	0	51	0	43
271.0	0	42	0	57
272.0	0	37	0	36
273.0	0	50	0	45
274.0	0	43	0	44
275.0	0	55	0	38
276.0	0	51	0	48
277.0	0	39	0	40
278.0	0	48	0	27
279.0	0	36	0	32
280.0	0	35	0	41
281.0	0	30	0	30
282.0	0	33	0	48
283.0	0	36	0	39
284.0	0	42	0	35
285.0	0	27	0	28
286.0	0	35	0	39
287.0	0	34	0	26
288.0	0	30	0	32
289.0	0	40	0	41
290.0	0	31	0	41
291.0	0	35	0	42
292.0	0	35	0	26
293.0	0	40	0	41
294.0	0	44	0	31
295.0	0	41	0	33
296.0	0	33	0	40
297.0	0	31	0	35
298.0	0	36	0	31
299.0	0	33	0	31
300.0	0	25	0	48
301.0	0	35	0	24
302.0	0	33	0	31
303.0	0	32	0	38
304.0	0	39	0	29
305.0	0	45	0	47
306.0	0	34	0	31
307.0	0	26	0	35
308.0	0	34	0	34
309.0	0	42	0	33
310.0	0	27	0	36
311.0	0	31	0	33
312.0	0	34	0	37
313.0	0	29	0	38
314.0	0	41	0	29
315.0	0	41	0	32
316.0	0	35	0	24
317.0	0	24	0	27
318.0	0	34	0	24
319.0	0	28	0	33
320.0	0	37	0	40
321.0	0	26	0	29
322.0	0	27	0	29
323.0	0	31	0	24
324.0	0	33	0	35
325.0	0	24	0	20
326.0	0	27	0	37
327.0	0	26	0	21
328.0	0	32	0	28
329.0	0	34	0	28
330.0	0	27	0	27
331.0	0	18	0	23
332.0	0	32	0	27
333.0	0	28	0	21
334.0	0	24	0	25
335.0	0	17	0	29
336.0	0	25	0	23
337.0	0	24	0	28
338.0	0	22	0	28
339.0	0	37	0	23
340.0	0	29	0	23
341.0	0	23	0	25
342.0	0	27	0	18
343.0	0	20	0	35
344.0	0	28	0	17
345.0	0	18	0	26
346.0	0	21	0	19
347.0	0	34	0	28
348.0	0	24	0	20
349.0	0	16	0	23
350.0	0	18	0	21
351.0	0	24	0	24
352.0	0	25	0	22
353.0	0	15	0	22
354.0	0	24	0	16
355.0	0	21	0	29
356.0	0	24	0	21
357.0	0	31	0	21
358.0	0	20	0	16
359.0	0	23	0	17
360.0	0	21	0	19
361.0	0	15	0	19
362.0	0	13	0	17
363.0	0	21	0	25
364.0	0	19	0	21
365.0	0	17	0	18
366.0	0	23	0	20
367.0	0	19	0	23
368.0	0	22	0	23
369.0	0	25	0	27
370.0	0	20	0	15
371.0	0	23	0	32
372.0	0	25	0	14
373.0	0	26	0	25
374.0	0	25	0	16
375.0	0	18	0	22
376.0	0	18	0	12
377.0	0	15	0	8
378.0	0	17	0	23
379.0	0	18	0	21
380.0	0	16	0	15
381.0	0	15	0	16
382.0	0	19	0	14
383.0	0	19	0	19
384.0	0	17	0	17
385.0	0	12	0	16
386.0	0	8	0	26
387.0	0	24	0	21
388.0	0	11	0	16
389.0	0	23	0	17
390.0	0	23	0	15
391.0	0	15	0	12
392.0	0	15	0	19
393.0	0	17	0	17
394.0	0	19	0	16
395.0	0	14	0	18
396.0	0	15	0	16
397.0	0	16	0	13
398.0	0	18	0	18
399.0	0	17	0	16
400.0	0	19	0	8
401.0	0	17	0	15
402.0	0	15	0	17
403.0	0	19	0	22
404.0	0	20	0	15
405.0	0	15	0	19
406.0	0	7	0	14
407.0	0	12	0	15
408.0	0	16	0	14
409.0	0	19	0	18
410.0	0	21	0	9
411.0	0	17	0	12
412.0	0	14	0	17
413.0	0	10	0	11
414.0	0	17	0	19
415.0	0	10	0	21
416.0	0	13	0	17
417.0	0	15	0	16
418.0	0	16	0	13
419.0	0	19	0	11
420.0	0	17	0	15
421.0	0	16	0	14
422.0	0	16	0	14
423.0	0	12	0	15
424.0	0	14	0	15
425.0	0	13	0	14
426.0	0	15	0	15
427.0	0	12	0	15
428.0	0	12	0	18
429.0	0	13	0	12
430.0	0	16	0	15
431.0	0	16	0	11
432.0	0	12	0	12
433.0	0	19	0	13
434.0	0	12	0	10
435.0	0	13	0	11
436.0	0	16	0	9
437.0	0	10	0	24
438.0	0	14	0	7
439.0	0	17	0	21
440.0	0	9	0	12
441.0	0	12	0	14
442.0	0	11	0	13
443.0	0	14	0	11
444.0	0	16	0	8
445.0	0	13	0	13
446.0	0	5	0	12
447.0	0	14	0	9
448.0	0	14	0	9
449.0	0	18	0	14
450.0	0	8	0	23
451.0	0	12	0	16
452.0	0	10	0	11
453.0	0	14	0	14
454.0	0	12	0	6
455.0	0	14	0	7
456.0	0	14	0	14
457.0	0	16	0	12
458.0	0	10	0	20
459.0	0	9	0	11
460.0	0	10	0	13
461.0	0	16	0	11
462.0	0	15	0	11
463.0	0	9	0	16
464.0	0	15	0	15
465.0	0	15	0	2
466.0	0	14	0	11
467.0	0	15	0	5
468.0	0	14	0	11
469.0	0	7	0	8
470.0	0	6	0	14
471.0	0	9	0	16
472.0	0	7	0	12
473.0	0	9	0	11
474.0	0	6	0	10
475.0	0	15	0	8
476.0	0	10	0	14
477.0	0	11	0	12
478.0	0	9	0	6
479.0	0	15	0	13
480.0	0	14	0	9
481.0	0	13	0	12
482.0	0	11	0	12
483.0	0	9	0	10
484.0	0	10	0	6
485.0	0	9	0	6
486.0	0	11	0	7
487.0	0	6	0	11
488.0	0	14	0	6
489.0	0	8	0	7
490.0	0	4	0	12
491.0	0	9	0	12
492.0	0	10	0	4
493.0	0	9	0	5
494.0	0	7	0	4
495.0	0	4	0	12
496.0	0	8	0	14
497.0	0	8	0	14
498.0	0	10	0	7
499.0	0	16	0	6
500.0	0	7	0	6
501.0	0	9	0	8
502.0	0	13	0	12
503.0	0	8	0	3
504.0	0	3	0	9
505.0	0	8	0	8
506.0	0	6	0	7
507.0	0	6	0	11
508.0	0	4	0	5
509.0	0	7	0	9
510.0	0	13	0	11
511.0	0	8	0	11
512.0	0	6	0	10
513.0	0	8	0	10
514.0	0	7	0	6
515.0	0	9	0	12
516.0	0	14	0	6
517.0	0	9	0	8
518.0	0	12	0	12
519.0	0	13	0	7
520.0	0	8	0	9
521.0	0	6	0	9
522.0	0	8	0	5
523.0	0	7	0	6
524.0	0	7	0	5
525.0	0	9	0	5
526.0	0	8	0	6
527.0	0	6	0	4
528.0	0	6	0	9
529.0	0	6	0	4
530.0	0	8	0	4
531.0	0	6	0	9
532.0	0	5	0	6
533.0	0	6	0	8
534.0	0	4	0	7
535.0	0	5	0	12
536.0	0	11	0	8
537.0	0	8	0	4
538.0	0	5	0	6
539.0	0	7	0	9
540.0	0	8	0	4
541.0	0	6	0	5
542.0	0	10	0	7
543.0	0	5	0	6
544.0	0	5	0	6
545.0	0	8	0	4
546.0	0	8	0	7
547.0	0	5	0	8
548.0	0	6	0	2
549.0	0	6	0	7
550.0	0	5	0	2
551.0	0	8	0	11
552.0	0	3	0	5
553.0	0	7	0	14
554.0	0	3	0	4
555.0	0	9	0	7
556.0	0	7	0	1
557.0	0	8	0	6
558.0	0	5	0	5
559.0	0	2	0	3
560.0	0	12	0	8
561.0	0	6	0	5
562.0	0	5	0	4
563.0	0	4	0	10
564.0	0	4	0	7
565.0	0	5	0	7
566.0	0	9	0	5
567.0	0	4	0	6
568.0	0	3	0	7
569.0	0	6	0	12
570.0	0	7	0	8
571.0	0	6	0	8
572.0	0	7	0	10
573.0	0	10	0	6
574.0	0	9	0	4
575.0	0	9	0	5
576.0	0	2	0	9
577.0	0	9	0	4
578.0	0	6	0	2
579.0	0	9	0	3
580.0	0	6	0	3
581.0	0	9	0	4
582.0	0	3	0	2
583.0	0	6	0	8
584.0	0	3	0	5
585.0	0	5	0	6
586.0	0	7	0	8
587.0	0	4	0	5
588.0	0	3	0	5
589.0	0	5	0	3
590.0	0	6	0	6
591.0	0	2	0	4
592.0	0	5	0	4
593.0	0	4	0	3
594.0	0	6	0	7
595.0	0	6	0	7
596.0	0	5	0	6
597.0	0	4	0	7
598.0	0	1	0	3
599.0	0	10	0	3
600.0	0	9	0	5
601.0	0	3	0	1
602.0	0	7	0	6
603.0	0	4	0	10
604.0	0	5	0	6
605.0	0	1	0	6
606.0	0	8	0	5
607.0	0	5	0	4
608.0	0	0	0	8
609.0	0	8	0	4
610.0	0	6	0	4
611.0	0	5	0	2
612.0	0	3	0	8
613.0	0	6	0	7
614.0	0	6	0	3
615.0	0	4	0	1
616.0	0	10	0	3
617.0	0	1	0	3
618.0	0	6	0	4
619.0	0	3	0	4
620.0	0	5	0	2
621.0	0	5	0	3
622.0	0	1	0	1
623.0	0	5	0	5
624.0	0	3	0	4
625.0	0	4	0	4
626.0	0	2	0	1
627.0	0	5	0	1
628.0	0	1	0	3
629.0	0	1	0	5
630.0	0	3	0	6
631.0	0	6	0	3
632.0	0	2	0	4
633.0	0	1	0	9
634.0	0	1	0	5
635.0	0	5	0	4
636.0	0	7	0	7
637.0	0	7	0	4
638.0	0	4	0	4
639.0	0	4	0	6
640.0	0	4	0	7
641.0	0	3	0	5
642.0	0	3	0	6
643.0	0	10	0	6
644.0	0	7	0	3
645.0	0	6	0	3
646.0	0	5	0	6
647.0	0	4	0	0
648.0	0	4	0	5
649.0	0	3	0	3
650.0	0	0	0	1
651.0	0	6	0	4
652.0	0	6	0	7
653.0	0	6	0	4
654.0	0	6	0	1
655.0	0	3	0	3
656.0	0	3	0	0
657.0	0	5	0	6
658.0	0	1	0	4
659.0	0	3	0	4
660.0	0	2	0	4
661.0	0	3	0	6
662.0	0	4	0	3
663.0	0	7	0	4
664.0	0	3	0	5
665.0	0	2	0	3
666.0	0	0	0	2
667.0	0	4	0	4
668.0	0	6	0	2
669.0	0	3	0	5
670.0	0	6	0	3
671.0	0	7	0	1
672.0	0	0	0	5
673.0	0	9	0	4
674.0	0	2	0	3
675.0	0	2	0	5
676.0	0	3	0	3
677.0	0	3	0	9
678.0	0	5	0	2
679.0	0	3	0	4
680.0	0	2	0	2
681.0	0	0	0	4
682.0	0	5	0	4
683.0	0	3	0	1
684.0	0	2	0	4
685.0	0	2	0	5
686.0	0	7	0	3
687.0	0	7	0	1
688.0	0	5	0	3
689.0	0	3	0	2
690.0	0	6	0	1
691.0	0	3	0	2
692.0	0	2	0	3
693.0	0	3	0	8
694.0	0	2	0	3
695.0	0	3	0	4
696.0	0	4	0	4
697.0	0	0	0	2
698.0	0	1	0	4
699.0	0	1	0	2
700.0	0	2	0	2
701.0	0	2	0	2
702.0	0	10	0	5
703.0	0	4	0	2
704.0	0	3	0	6
705.0	0	2	0	2
706.0	0	2	0	1
707.0	0	7	0	5
708.0	0	2	0	3
709.0	0	1	0	2
710.0	0	2	0	3
711.0	0	1	0	3
712.0	0	0	0	3
713.0	0	6	0	1
714.0	0	3	0	4
715.0	0	1	0	1
716.0	0	3	0	1
717.0	0	4	0	3
718.0	0	2	0	2
719.0	0	6	0	5
720.0	0	5	0	7
721.0	0	6	0	2
722.0	0	3	0	1
723.0	0	1	0	1
724.0	0	2	0	2
725.0	0	1	0	2
726.0	0	4	0	1
727.0	0	0	0	2
728.0	0	0	0	3
729.0	0	5	0	1
730.0	0	5	0	1
731.0	0	0	0	5
732.0	0	2	0	0
733.0	0	1	0	4
734.0	0	2	0	2
735.0	0	1	0	5
736.0	0	1	0	1
737.0	0	2	0	1
738.0	0	3	0	2
739.0	0	4	0	2
740.0	0	5	0	1
741.0	0	1	0	1
742.0	0	3	0	2
743.0	0	2	0	4
744.0	0	2	0	1
745.0	0	2	0	4
746.0	0	2	0	1
747.0	0	0	0	2
748.0	0	3	0	2
749.0	0	2	0	4
750.0	0	1	0	2
751.0	0	2	0	4
752.0	0	1	0	2
753.0	0	5	0	1
754.0	0	3	0	2
755.0	0	1	0	2
756.0	0	3	0	2
757.0	0	2	0	1
758.0	0	3	0	4
759.0	0	2	0	3
760.0	0	2	0	3
761.0	0	2	0	4
762.0	0	1	0	2
763.0	0	4	0	1
764.0	0	2	0	0
765.0	0	0	0	3
766.0	0	3	0	3
767.0	0	3	0	1
768.0	0	2	0	1
769.0	0	7	0	3
770.0	0	1	0	5
771.0	0	2	0	4
772.0	0	0	0	5
773.0	0	2	0	0
774.0	0	1	0	0
775.0	0	5	0	1
776.0	0	5	0	3
777.0	0	2	0	2
778.0	0	5	0	4
779.0	0	1	0	3
780.0	0	5	0	2
781.0	0	0	0	2
782.0	0	1	0	4
783.0	0	1	0	0
784.0	0	1	0	4
785.0	0	3	0	3
786.0	0	4	0	4
787.0	0	1	0	6
788.0	0	2	0	0
789.0	0	5	0	2
790.0	0	2	0	5
791.0	0	4	0	3
792.0	0	1	0	2
793.0	0	0	0	2
794.0	0	3	0	2
795.0	0	2	0	1
796.0	0	1	0	1
797.0	0	1	0	3
798.0	0	5	0	0
799.0	0	0	0	1
800.0	0	5	0	1
801.0	0	3	0	1
802.0	0	4	0	1
803.0	0	2	0	1
804.0	0	2	0	0
805.0	0	1	0	1
806.0	0	2	0	0
807.0	0	0	0	2
808.0	0	2	0	0
809.0	0	1	0	0
810.0	0	1	0	3
811.0	0	0	0	2
812.0	0	3	0	2
813.0	0	1	0	2
814.0	0	0	0	2
815.0	0	1	0	1
816.0	0	2	0	2
817.0	0	2	0	1
818.0	0	0	0	5
819.0	0	0	0	4
820.0	0	2	0	4
821.0	0	2	0	1
822.0	0	1	0	1
823.0	0	3	0	2
824.0	0	1	0	1
825.0	0	3	0	2
826.0	0	1	0	1
827.0	0	2	0	3
828.0	0	2	0	2
829.0	0	2	0	2
830.0	0	1	0	4
831.0	0	5	0	3
832.0	0	3	0	5
833.0	0	0	0	1
834.0	0	1	0	1
835.0	0	7	0	3
836.0	0	2	0	3
837.0	0	2	0	3
838.0	0	1	0	5
839.0	0	2	0	6
840.0	0	1	0	1
841.0	0	2	0	2
842.0	0	2	0	1
843.0	0	2	0	2
844.0	0	2	0	1
845.0	0	6	0	0
846.0	0	0	0	3
847.0	0	4	0	5
848.0	0	4	0	2
849.0	0	2	0	0
850.0	0	4	0	1
851.0	0	2	0	0
852.0	0	3	0	3
853.0	0	2	0	1
854.0	0	1	0	3
855.0	0	3	0	0
857.0	0	3	0	1
858.0	0	3	0	0
859.0	0	3	0	2
860.0	0	5	0	1
861.0	0	1	0	1
862.0	0	0	0	1
863.0	0	0	0	2
864.0	0	0	0	4
865.0	0	0	0	1
866.0	0	2	0	3
867.0	0	3	0	0
868.0	0	1	0	1
869.0	0	1	0	3
870.0	0	1	0	2
871.0	0	1	0	3
872.0	0	1	0	2
873.0	0	2	0	2
874.0	0	1	0	0
875.0	0	3	0	1
876.0	0	1	0	3
877.0	0	2	0	3
878.0	0	2	0	2
879.0	0	1	0	0
880.0	0	2	0	1
881.0	0	1	0	1
882.0	0	1	0	1
883.0	0	3	0	4
884.0	0	1	0	0
885.0	0	1	0	2
886.0	0	0	0	1
887.0	0	2	0	0
888.0	0	1	0	1
889.0	0	4	0	2
890.0	0	2	0	1
891.0	0	0	0	4
892.0	0	1	0	0
893.0	0	2	0	0
894.0	0	3	0	2
895.0	0	1	0	2
896.0	0	1	0	1
897.0	0	2	0	4
899.0	0	3	0	0
901.0	0	0	0	2
902.0	0	1	0	1
903.0	0	1	0	2
904.0	0	4	0	2
905.0	0	2	0	2
907.0	0	4	0	2
908.0	0	2	0	2
909.0	0	1	0	3
910.0	0	0	0	1
911.0	0	0	0	1
912.0	0	1	0	1
913.0	0	0	0	3
914.0	0	1	0	2
915.0	0	1	0	0
916.0	0	3	0	1
917.0	0	1	0	0
918.0	0	3	0	5
920.0	0	2	0	0
921.0	0	3	0	1
922.0	0	2	0	1
923.0	0	1	0	2
924.0	0	0	0	1
925.0	0	2	0	2
926.0	0	2	0	1
927.0	0	2	0	2
928.0	0	1	0	1
929.0	0	3	0	2
930.0	0	0	0	3
931.0	0	0	0	1
932.0	0	4	0	2
934.0	0	0	0	1
935.0	0	4	0	0
937.0	0	2	0	1
938.0	0	1	0	3
939.0	0	2	0	1
941.0	0	1	0	2
942.0	0	2	0	1
943.0	0	1	0	0
944.0	0	1	0	4
945.0	0	3	0	2
946.0	0	2	0	0
947.0	0	0	0	2
948.0	0	0	0	5
949.0	0	2	0	2
950.0	0	2	0	0
951.0	0	0	0	3
952.0	0	1	0	2
953.0	0	0	0	1
954.0	0	0	0	2
955.0	0	1	0	1
956.0	0	2	0	2
957.0	0	3	0	3
958.0	0	3	0	2
959.0	0	2	0	0
960.0	0	3	0	1
961.0	0	3	0	0
962.0	0	2	0	0
963.0	0	1	0	2
964.0	0	2	0	1
965.0	0	1	0	3
966.0	0	1	0	0
967.0	0	1	0	2
968.0	0	3	0	0
969.0	0	1	0	1
970.0	0	1	0	5
971.0	0	1	0	1
972.0	0	0	0	2
973.0	0	0	0	2
974.0	0	2	0	2
975.0	0	1	0	1
976.0	0	3	0	2
977.0	0	1	0	1
978.0	0	1	0	0
979.0	0	1	0	1
980.0	0	0	0	1
981.0	0	3	0	2
982.0	0	2	0	2
983.0	0	0	0	3
984.0	0	5	0	1
985.0	0	1	0	0
987.0	0	2	0	1
988.0	0	1	0	0
989.0	0	3	0	1
990.0	0	4	0	1
991.0	0	1	0	1
992.0	0	1	0	0
993.0	0	1	0	1
995.0	0	0	0	1
996.0	0	3	0	0
998.0	0	0	0	2
999.0	0	2	0	2
1000.0	0	0	0	1
1001.0	0	0	0	1
1002.0	0	0	0	1
1003.0	0	1	0	2
1004.0	0	1	0	1
1005.0	0	0	0	2
1007.0	0	2	0	0
1008.0	0	1	0	0
1010.0	0	1	0	0
1012.0	0	0	0	6
1013.0	0	1	0	2
1014.0	0	0	0	1
1015.0	0	2	0	1
1016.0	0	5	0	1
1017.0	0	1	0	2
1018.0	0	0	0	1
1019.0	0	0	0	3
1020.0	0	3	0	0
1021.0	0	2	0	0
1022.0	0	1	0	0
1023.0	0	2	0	2
1024.0	0	1	0	0
1025.0	0	3	0	0
1027.0	0	0	0	1
1028.0	0	0	0	2
1029.0	0	2	0	1
1030.0	0	1	0	0
1031.0	0	2	0	2
1032.0	0	1	0	2
1033.0	0	0	0	1
1034.0	0	0	0	1
1036.0	0	1	0	1
1037.0	0	2	0	1
1039.0	0	1	0	3
1040.0	0	0	0	1
1041.0	0	1	0	0
1042.0	0	1	0	0
1043.0	0	1	0	1
1044.0	0	0	0	1
1045.0	0	0	0	1
1046.0	0	1	0	0
1047.0	0	3	0	0
1048.0	0	1	0	2
1049.0	0	1	0	2
1050.0	0	1	0	1
1051.0	0	3	0	1
1052.0	0	0	0	2
1053.0	0	0	0	1
1054.0	0	0	0	1
1055.0	0	1	0	0
1056.0	0	1	0	2
1057.0	0	1	0	1
1058.0	0	1	0	0
1059.0	0	0	0	3
1060.0	0	2	0	0
1061.0	0	1	0	0
1062.0	0	1	0	0
1063.0	0	0	0	3
1064.0	0	2	0	0
1066.0	0	1	0	0
1067.0	0	1	0	1
1068.0	0	1	0	0
1069.0	0	1	0	0
1070.0	0	3	0	0
1071.0	0	1	0	1
1072.0	0	0	0	2
1073.0	0	1	0	1
1074.0	0	1	0	1
1076.0	0	1	0	0
1078.0	0	2	0	1
1079.0	0	1	0	1
1080.0	0	0	0	3
1082.0	0	1	0	2
1083.0	0	2	0	2
1084.0	0	0	0	2
1085.0	0	2	0	1
1086.0	0	1	0	0
1087.0	0	0	0	1
1089.0	0	2	0	3
1090.0	0	2	0	3
1092.0	0	2	0	2
1094.0	0	1	0	1
1096.0	0	0	0	1
1097.0	0	2	0	0
1098.0	0	2	0	0
1099.0	0	1	0	1
1100.0	0	1	0	0
1101.0	0	1	0	2
1102.0	0	0	0	3
1103.0	0	1	0	1
1104.0	0	1	0	0
1106.0	0	2	0	1
1107.0	0	0	0	1
1108.0	0	1	0	3
1109.0	0	3	0	0
1113.0	0	1	0	0
1114.0	0	3	0	1
1115.0	0	0	0	1
1117.0	0	1	0	0
1119.0	0	2	0	2
1120.0	0	0	0	2
1121.0	0	0	0	1
1122.0	0	1	0	0
1123.0	0	0	0	1
1124.0	0	1	0	1
1125.0	0	1	0	0
1126.0	0	0	0	1
1127.0	0	0	0	1
1131.0	0	1	0	1
1132.0	0	2	0	1
1133.0	0	3	0	0
1134.0	0	2	0	0
1135.0	0	2	0	0
1136.0	0	1	0	1
1137.0	0	0	0	1
1139.0	0	0	0	2
1140.0	0	0	0	2
1141.0	0	0	0	1
1142.0	0	1	0	0
1143.0	0	0	0	2
1146.0	0	1	0	1
1148.0	0	1	0	1
1149.0	0	2	0	0
1150.0	0	2	0	0
1151.0	0	2	0	0
1154.0	0	1	0	1
1155.0	0	0	0	1
1156.0	0	2	0	0
1157.0	0	1	0	4
1159.0	0	0	0	1
1160.0	0	1	0	0
1161.0	0	0	0	1
1162.0	0	0	0	1
1165.0	0	2	0	2
1168.0	0	0	0	1
1169.0	0	1	0	0
1170.0	0	2	0	0
1171.0	0	0	0	1
1172.0	0	2	0	1
1174.0	0	1	0	0
1175.0	0	1	0	0
1176.0	0	0	0	4
1177.0	0	1	0	0
1179.0	0	0	0	1
1180.0	0	2	0	1
1182.0	0	1	0	0
1184.0	0	1	0	0
1186.0	0	1	0	0
1187.0	0	1	0	1
1189.0	0	1	0	0
1190.0	0	1	0	0
1191.0	0	1	0	0
1192.0	0	0	0	1
1193.0	0	0	0	1
1194.0	0	0	0	1
1195.0	0	0	0	1
1197.0	0	1	0	1
1200.0	0	1	0	0
1201.0	0	0	0	1
1202.0	0	1	0	0
1203.0	0	0	0	2
1204.0	0	1	0	0
1205.0	0	0	0	1
1207.0	0	1	0	1
1209.0	0	1	0	0
1210.0	0	2	0	0
1213.0	0	1	0	1
1218.0	0	0	0	1
1220.0	0	2	0	0
1221.0	0	1	0	0
1224.0	0	0	0	1
1225.0	0	1	0	0
1226.0	0	0	0	2
1228.0	0	0	0	1
1233.0	0	1	0	0
1236.0	0	0	0	1
1237.0	0	0	0	1
1238.0	0	1	0	2
1239.0	0	1	0	0
1240.0	0	2	0	2
1243.0	0	0	0	1
1244.0	0	1	0	0
1246.0	0	1	0	0
1251.0	0	1	0	1
1252.0	0	0	0	2
1254.0	0	0	0	1
1255.0	0	1	0	0
1257.0	0	1	0	1
1258.0	0	2	0	0
1260.0	0	0	0	1
1261.0	0	1	0	0
1263.0	0	1	0	0
1264.0	0	0	0	1
1266.0	0	0	0	2
1267.0	0	1	0	0
1268.0	0	0	0	1
1270.0	0	1	0	2
1272.0	0	0	0	1
1273.0	0	2	0	0
1274.0	0	0	0	1
1276.0	0	1	0	1
1277.0	0	0	0	2
1278.0	0	2	0	0
1282.0	0	1	0	1
1283.0	0	0	0	1
1287.0	0	0	0	2
1288.0	0	1	0	0
1290.0	0	2	0	1
1291.0	0	1	0	3
1292.0	0	1	0	0
1294.0	0	1	0	1
1296.0	0	0	0	1
1297.0	0	3	0	0
1298.0	0	1	0	0
1299.0	0	0	0	1
1301.0	0	1	0	0
1303.0	0	2	0	0
1305.0	0	2	0	0
1306.0	0	0	0	1
1309.0	0	1	0	1
1310.0	0	1	0	0
1311.0	0	0	0	1
1312.0	0	0	0	1
1314.0	0	1	0	1
1315.0	0	0	0	1
1319.0	0	0	0	1
1320.0	0	0	0	1
1321.0	0	2	0	0
1322.0	0	1	0	1
1323.0	0	0	0	1
1324.0	0	1	0	0
1325.0	0	0	0	1
1326.0	0	0	0	2
1327.0	0	1	0	1
1329.0	0	0	0	1
1330.0	0	0	0	1
1331.0	0	1	0	1
1332.0	0	1	0	1
1334.0	0	0	0	1
1336.0	0	2	0	2
1337.0	0	1	0	0
1339.0	0	0	0	1
1340.0	0	3	0	0
1341.0	0	1	0	1
1342.0	0	1	0	0
1343.0	0	2	0	0
1345.0	0	0	0	1
1348.0	0	1	0	0
1350.0	0	1	0	0
1351.0	0	1	0	0
1352.0	0	1	0	0
1354.0	0	0	0	1
1356.0	0	1	0	0
1358.0	0	0	0	1
1361.0	0	1	0	1
1364.0	0	1	0	0
1367.0	0	1	0	0
1368.0	0	1	0	1
1370.0	0	0	0	1
1371.0	0	0	0	1
1374.0	0	1	0	0
1376.0	0	0	0	1
1380.0	0	1	0	0
1384.0	0	1	0	1
1386.0	0	1	0	0
1389.0	0	1	0	0
1391.0	0	0	0	2
1399.0	0	1	0	0
1403.0	0	0	0	1
1404.0	0	1	0	0
1405.0	0	0	0	1
1407.0	0	0	0	2
1409.0	0	1	0	0
1412.0	0	0	0	1
1414.0	0	0	0	2
1416.0	0	1	0	1
1417.0	0	1	0	0
1418.0	0	0	0	1
1419.0	0	0	0	1
1421.0	0	1	0	0
1425.0	0	2	0	1
1428.0	0	1	0	0
1429.0	0	1	0	0
1430.0	0	0	0	1
1431.0	0	1	0	0
1435.0	0	1	0	1
1440.0	0	1	0	1
1442.0	0	0	0	1
1444.0	0	1	0	0
1445.0	0	1	0	1
1447.0	0	0	0	1
1449.0	0	1	0	0
1455.0	0	0	0	2
1456.0	0	1	0	1
1461.0	0	1	0	0
1463.0	0	1	0	1
1465.0	0	1	0	0
1469.0	0	0	0	1
1470.0	0	1	0	0
1474.0	0	0	0	1
1475.0	0	1	0	2
1478.0	0	0	0	2
1481.0	0	1	0	0
1483.0	0	1	0	0
1485.0	0	0	0	1
1486.0	0	2	0	0
1488.0	0	1	0	1
1492.0	0	2	0	0
1494.0	0	1	0	0
1496.0	0	1	0	0
1499.0	0	1	0	1
1508.0	0	0	0	1
1516.0	0	1	0	0
1518.0	0	0	0	1
1524.0	0	0	0	1
1526.0	0	0	0	1
1529.0	0	1	0	0
1531.0	0	0	0	1
1534.0	0	0	0	1
1538.0	0	1	0	0
1539.0	0	0	0	1
1543.0	0	2	0	0
1544.0	0	1	0	0
1547.0	0	0	0	1
1549.0	0	1	0	0
1554.0	0	1	0	1
1556.0	0	0	0	1
1562.0	0	1	0	0
1566.0	0	1	0	1
1571.0	0	0	0	1
1578.0	0	1	0	1
1582.0	0	1	0	0
1587.0	0	1	0	0
1588.0	0	0	0	2
1590.0	0	1	0	0
1595.0	0	0	0	1
1600.0	0	1	0	0
1602.0	0	0	0	1
1603.0	0	1	0	0
1606.0	0	1	0	0
1621.0	0	0	0	1
1622.0	0	1	0	0
1624.0	0	0	0	1
1627.0	0	0	0	1
1632.0	0	0	0	1
1637.0	0	0	0	1
1640.0	0	1	0	0
1641.0	0	0	0	1
1645.0	0	0	0	1
1647.0	0	0	0	1
1648.0	0	2	0	2
1651.0	0	1	0	0
1652.0	0	0	0	1
1658.0	0	1	0	0
1660.0	0	1	0	0
1662.0	0	2	0	0
1664.0	0	1	0	0
1666.0	0	1	0	0
1668.0	0	1	0	0
1673.0	0	0	0	2
1688.0	0	0	0	1
1693.0	0	1	0	0
1699.0	0	1	0	0
1703.0	0	0	0	1
1704.0	0	1	0	0
1712.0	0	0	0	1
1716.0	0	0	0	1
1718.0	0	0	0	1
1719.0	0	1	0	0
1725.0	0	1	0	0
1726.0	0	0	0	1
1730.0	0	1	0	0
1735.0	0	1	0	0
1740.0	0	0	0	1
1741.0	0	0	0	1
1748.0	0	1	0	0
1749.0	0	0	0	1
1751.0	0	1	0	0
1752.0	0	0	0	1
1765.0	0	1	0	0
1767.0	0	1	0	0
1771.0	0	1	0	0
1780.0	0	0	0	2
1788.0	0	1	0	0
1804.0	0	0	0	2
1810.0	0	0	0	1
1814.0	0	1	0	0
1816.0	0	0	0	1
1821.0	0	1	0	1
1827.0	0	1	0	0
1832.0	0	1	0	0
1833.0	0	1	0	0
1847.0	0	1	0	0
1863.0	0	0	0	1
1869.0	0	0	0	1
1871.0	0	0	0	1
1875.0	0	0	0	1
1878.0	0	1	0	0
1886.0	0	1	0	0
1892.0	0	1	0	0
1894.0	0	1	0	0
1903.0	0	0	0	1
1908.0	0	0	0	1
1912.0	0	0	0	1
1918.0	0	1	0	0
1928.0	0	0	0	1
1929.0	0	1	0	0
1931.0	0	0	0	1
1939.0	0	1	0	0
1949.0	0	1	0	0
1951.0	0	1	0	0
1954.0	0	0	0	1
1967.0	0	0	0	1
1978.0	0	1	0	0
1982.0	0	0	0	1
1986.0	0	1	0	0
1996.0	0	0	0	1
2001.0	0	1	0	0
2005.0	0	0	0	2
2007.0	0	0	0	1
2008.0	0	0	0	1
2014.0	0	0	0	1
2020.0	0	1	0	1
2023.0	0	1	0	0
2028.0	0	1	0	0
2031.0	0	1	0	0
2036.0	0	1	0	0
2038.0	0	1	0	0
2043.0	0	1	0	1
2069.0	0	1	0	0
2072.0	0	0	0	1
2087.0	0	1	0	0
2098.0	0	0	0	1
2102.0	0	0	0	1
2124.0	0	1	0	0
2131.0	0	1	0	0
2150.0	0	0	0	1
2161.0	0	0	0	1
2166.0	0	1	0	0
2175.0	0	0	0	1
2183.0	0	1	0	0
2190.0	0	1	0	0
2208.0	0	0	0	1
2218.0	0	0	0	1
2230.0	0	1	0	0
2244.0	0	1	0	0
2265.0	0	0	0	1
2273.0	0	0	0	1
2276.0	0	0	0	1
2291.0	0	1	0	0
2299.0	0	1	0	0
2307.0	0	0	0	1
2310.0	0	1	0	0
2311.0	0	0	0	1
2340.0	0	1	0	0
2341.0	0	1	0	0
2417.0	0	0	0	1
2418.0	0	0	0	1
2445.0	0	1	0	0
2450.0	0	1	0	0
2554.0	0	0	0	1
2571.0	0	1	0	0
2579.0	0	0	0	1
2598.0	0	1	0	0
2834.0	0	0	0	1
2836.0	0	0	0	1
2860.0	0	1	0	0
2867.0	0	1	0	0
2947.0	0	0	0	1
2979.0	0	1	0	0
3050.0	0	0	0	1
3084.0	0	1	0	0
3275.0	0	0	0	1
3300.0	0	0	0	1
3316.0	0	1	0	0
3332.0	0	1	0	0
3382.0	0	0	0	1
3420.0	0	1	0	0
3441.0	0	0	0	1
3488.0	0	1	0	0
3787.0	0	0	0	1
3841.0	0	1	0	0
4456.0	0	0	0	1
4476.0	0	1	0	0
4535.0	0	0	0	1
4598.0	0	1	0	0

