chr18_KI270863v1_alt	167999	6700	0
chr1_GL383519v1_alt	110268	9376	0
chrUn_KI270388v1	1216	8	0
chr18_GL383572v1_alt	159547	3578	0
chr19_KI270882v1_alt	248807	60	0
chr22_KI270731v1_random	150754	6168	0
chrUn_KI270442v1	392061	5674	0
chr3_KI270895v1_alt	162896	13300	0
chr5_GL339449v2_alt	1612928	34520	0
chrY	57227415	307446	0
chr17_GL000205v2_random	185591	31920	0
chrUn_GL000195v1	182896	32548	0
chr12_KI270834v1_alt	119498	1308	0
chr17_GL383566v1_alt	90219	1282	0
chr6_GL000254v2_alt	4827813	164576	0
chr17_GL383564v2_alt	133151	2796	0
chrUn_KI270320v1	4416	88	0
chr1_KI270714v1_random	41717	746	0
chr4_GL000257v2_alt	586476	6010	0
chrUn_KI270753v1	62944	1024	0
chr19_KI270922v1_alt	187935	202	0
chr9_GL383539v1_alt	162988	1334	0
chrUn_KI270393v1	1308	2	0
chr5_GL949742v1_alt	226852	1306	0
chr16_KI270854v1_alt	134193	4310	0
chrUn_KI270516v1	1300	10	0
chr13_KI270839v1_alt	180306	976	0
chr21_GL383580v2_alt	74653	2282	0
chr18_KI270912v1_alt	174061	1362	0
chrUn_KI270743v1	210658	5290	0
chrUn_KI270391v1	1484	8	0
chr19_KI270917v1_alt	190932	202	0
chrUn_KI270528v1	2983	6	0
chrUn_KI270757v1	71251	602	0
chr8_KI270819v1_alt	133535	3026	0
chr18_KI270864v1_alt	111737	708	0
chr15_KI270905v1_alt	5161414	71306	0
chr9_KI270717v1_random	40062	1278	0
chrUn_KI270746v1	66486	718	0
chr19_KI270891v1_alt	170680	6	0
chr8_KI270812v1_alt	282736	1884	0
chrUn_KI270425v1	1884	2	0
chrUn_KI270544v1	1202	14	0
chr5_GL383532v1_alt	82728	388	0
chrUn_GL000216v2	176608	17484	0
chrUn_KI270303v1	1942	14	0
chr17_JH159147v1_alt	70345	268	0
chr21	46709983	2875779	0
chr5	181538259	3372298	0
chr2_KI270774v1_alt	223625	1398	0
chrX_KI270880v1_alt	284869	5095	0
chr1_KI270712v1_random	176043	4100	0
chr19_GL000209v2_alt	177381	96	0
chrUn_KI270330v1	1652	380	0
chrUn_KI270581v1	7046	92	0
chr1_KI270763v1_alt	911658	17762	0
chr19_GL949749v2_alt	1091841	26714	0
chr3	198295559	3233364	0
chr12_KI270833v1_alt	76061	386	0
chr4_GL000008v2_random	209709	4750	0
chrUn_KI270588v1	6158	64	0
chr5_KI270794v1_alt	164558	994	0
chr12_GL383552v1_alt	138655	802	0
chr1_KI270762v1_alt	354444	17404	0
chr7_KI270803v1_alt	1111570	38518	0
chr14_KI270725v1_random	172810	2742	0
chr2	242193529	4009453	0
chrUn_KI270362v1	3530	20	0
chr3_KI270777v1_alt	173649	1538	0
chrUn_KI270396v1	1880	26	0
chr19_KI270919v1_alt	170701	8	0
chrUn_KI270394v1	970	6	0
chr21_KI270873v1_alt	143900	3134	0
chr9_KI270718v1_random	38054	4440	0
chr3_KI270924v1_alt	166540	13030	0
chr14_KI270847v1_alt	1511111	34260	0
chr4_GL383527v1_alt	164536	1592	0
chr5_GL383530v1_alt	101241	786	0
chr5_KI270793v1_alt	126136	2260	0
chr1_KI270766v1_alt	256271	2548	0
chr6_KI270797v1_alt	197536	3686	0
chr18_GL383567v1_alt	289831	3840	0
chrUn_KI270752v1	27745	0	0
chr17_KI270907v1_alt	137721	1306	0
chrX_KI270913v1_alt	274009	3865	0
chr3_KI270781v1_alt	113034	1240	0
chrUn_GL000214v1	137718	13068	0
chr4_GL383528v1_alt	376187	2547	0
chrUn_KI270375v1	2378	34	0
chr3_KI270779v1_alt	205312	14680	0
chr5_KI270897v1_alt	1144418	26320	0
chr5_KI270791v1_alt	195710	4194	0
chr5_GL383531v1_alt	173459	1242	0
chrUn_GL000213v1	164239	1360	0
chr19_GL949750v2_alt	1066390	26720	0
chr5_KI270898v1_alt	130957	2630	0
chrUn_KI270467v1	3920	24590	0
chrUn_KI270310v1	1201	48	0
chr14_KI270846v1_alt	1351393	35172	0
chrUn_KI270747v1	198735	1930	0
chr11_KI270721v1_random	100316	2504	0
chr13_KI270842v1_alt	37287	600	0
chr14_KI270724v1_random	39555	632	0
chr8_KI270817v1_alt	158983	4320	0
chrUn_KI270395v1	1143	36	0
chr1_KI270892v1_alt	162212	2032	0
chr13_KI270838v1_alt	306913	2576	0
chr22_KI270877v1_alt	101331	3124	0
chrUn_KI270338v1	1428	32	0
chr17_KI270857v1_alt	2877074	80728	0
chr15_KI270848v1_alt	327382	3428	0
chr5_KI270796v1_alt	172708	1040	0
chrUn_KI270336v1	1026	4590	0
chr8_KI270810v1_alt	374415	6338	0
chrUn_KI270417v1	2043	6	0
chr19_KI270938v1_alt	1066800	36838	0
chr22_KI270734v1_random	165050	9892	0
chr8_KI270818v1_alt	145606	3176	0
chr12_GL877876v1_alt	408271	3964	0
chr6	170805979	2871117	0
chrUn_KI270590v1	4685	68	0
chrUn_KI270529v1	1899	10	0
chr19_KI270931v1_alt	170148	0	0
chrUn_KI270538v1	91309	648	0
chrUn_KI270311v1	12399	50	0
chr11_KI270827v1_alt	67707	346	0
chr2_KI270893v1_alt	161218	2872	0
chr1_KI270710v1_random	40176	516	0
chrUn_KI270412v1	1179	26	0
chrUn_KI270389v1	1298	6	0
chr16	90338345	1797021	0
chrUn_KI270591v1	5796	90	0
chr21_GL383578v2_alt	63917	880	0
chr10_KI270825v1_alt	188315	3792	0
chr22_KI270737v1_random	103838	758	0
chrUn_GL000220v1	161802	1036888	0
chrUn_KI270316v1	1444	8	0
chrUn_KI270748v1	93321	3724	0
chrUn_KI270304v1	2165	10	0
chrUn_KI270548v1	1599	6	0
chr6_KI270801v1_alt	870480	22148	0
chr1_KI270707v1_random	32032	350	0
chrUn_KI270744v1	168472	9370	0
chr22_KI270928v1_alt	176103	6656	0
chr18_GL383571v1_alt	198278	3142	0
chr1_GL383518v1_alt	182439	5240	0
chr16_KI270728v1_random	1872759	14408	0
chr10_GL383545v1_alt	179254	2074	0
chrUn_KI270580v1	1553	16	0
chr3_KI270778v1_alt	248252	1778	0
chr19_KI270930v1_alt	200773	60	0
chrUn_KI270422v1	1445	8	0
chr2_GL383521v1_alt	143390	3732	0
chr8_KI270816v1_alt	305841	15334	0
chr19_KI270932v1_alt	215732	72	0
chrUn_KI270329v1	1040	14	0
chr7_KI270899v1_alt	190869	5034	0
chrUn_KI270312v1	998	2	0
chr12_KI270835v1_alt	238139	4906	0
chr1_GL383520v2_alt	366580	16094	0
chrUn_GL000226v1	15008	368	0
chrUn_KI270435v1	92983	646	0
chr2_KI270894v1_alt	214158	4368	0
chr14_KI270845v1_alt	180703	1326	0
chrUn_KI270522v1	5674	10	0
chr22_KB663609v1_alt	74013	5608	0
chr1_KI270711v1_random	42210	1276	0
chrUn_KI270305v1	1472	14	0
chr7_KI270807v1_alt	126434	770	0
chr6_GL000256v2_alt	4929269	168835	0
chr8_KI270900v1_alt	318687	3318	0
chr20	64444167	1032212	0
chr12_GL877875v1_alt	167313	9122	0
chrUn_KI270392v1	971	0	0
chr2_KI270776v1_alt	174166	6186	0
chr5_KI270792v1_alt	179043	3170	0
chr6_KI270798v1_alt	271782	4632	0
chrUn_KI270376v1	1136	0	0
chrUn_KI270378v1	1048	10	0
chr11_KI270826v1_alt	186169	1040	0
chr8_KI270820v1_alt	36640	288	0
chrUn_KI270383v1	1750	12	0
chr11_JH159137v1_alt	191409	1122	0
chr17_KI270729v1_random	280839	4216	0
chr14_KI270723v1_random	38115	618	0
chr9_GL383540v1_alt	71551	750	0
chrUn_KI270385v1	990	6	0
chr11_KI270832v1_alt	210133	13723	0
chr13_KI270841v1_alt	169134	1166	0
chrUn_KI270466v1	1233	4574	0
chrUn_KI270379v1	1045	6	0
chr7_KI270806v1_alt	158166	1242	0
chr2_KI270769v1_alt	120616	1066	0
chr17_KI270730v1_random	112551	1504	0
chrUn_KI270366v1	8320	74	0
chr15	101991189	1449474	0
chrUn_KI270374v1	2656	14	0
chr12	133275309	2444295	0
chr15_KI270852v1_alt	478999	4796	0
chr11_KI270830v1_alt	177092	4831	0
chr16_KI270856v1_alt	63982	876	0
chrUn_KI270517v1	3253	60	0
chr1_KI270760v1_alt	109528	654	0
chr19_KI270889v1_alt	170698	8	0
chr19_GL949753v2_alt	796479	28716	0
chrUn_KI270515v1	6361	86	0
chrUn_KI270381v1	1930	6	0
chr19_KI270916v1_alt	184516	54	0
chr3_KI270780v1_alt	224108	4052	0
chrUn_KI270364v1	2855	8	0
chr21_GL383581v2_alt	116689	3714	0
chr6_GL383533v1_alt	124736	828	0
chr17_KI270909v1_alt	325800	21562	0
chr20_KI270871v1_alt	58661	936	0
chr8_KI270814v1_alt	141812	1536	0
chr3_KI270782v1_alt	162429	4434	0
chrUn_KI270414v1	2489	20	0
chr21_KI270874v1_alt	166743	922	0
chrUn_KI270539v1	993	6	0
chr14_KI270726v1_random	43739	350	0
chrUn_KI270530v1	2168	6	0
chr8_KI270901v1_alt	136959	716	0
chr3_KI270937v1_alt	165607	13302	0
chrUn_KI270337v1	1121	10492	0
chr17_GL383563v3_alt	375691	5014	0
chrM	16569	42562011	0
chr15_KI270850v1_alt	430880	35212	0
chr19_KI270921v1_alt	282224	266	0
chr19_GL949747v2_alt	729520	28458	0
chrUn_KI270371v1	2805	8	0
chr14_GL000225v1_random	211173	56994	0
chr15_KI270727v1_random	448248	4570	0
chr17_JH159148v1_alt	88070	314	0
chr22_KI270735v1_random	42811	684	0
chrUn_KI270448v1	7992	46	0
chr2_GL582966v2_alt	96131	686	0
chr6_KI270802v1_alt	75005	908	0
chr4_KI270787v1_alt	111943	590	0
chr2_KI270771v1_alt	110395	570	0
chr15_GL383554v1_alt	296527	7240	0
chr1	248956422	10071308	0
chr7_KI270804v1_alt	157952	3602	0
chr4	190214555	2328444	0
chr21_KI270872v1_alt	82692	3992	0
chr11_KI270927v1_alt	218612	2116	0
chr2_KI270772v1_alt	133041	2716	0
chr8_KI270811v1_alt	292436	3392	0
chr2_KI270716v1_random	153799	636	0
chr18_GL383570v1_alt	164789	928	0
chr16_GL383556v1_alt	192462	1850	0
chr22_KI270878v1_alt	186262	2316	0
chrUn_KI270317v1	37690	28	0
chr6_KI270800v1_alt	175808	1092	0
chr12_KI270837v1_alt	40090	208	0
chr9_KI270719v1_random	176845	4176	0
chr14_GL000194v1_random	191469	5926	0
chr6_KB021644v2_alt	185823	1270	0
chr22_KI270739v1_random	73985	294	0
chrUn_KI270751v1	150742	4028	0
chrUn_KI270584v1	4513	46	0
chrUn_KI270340v1	1428	56	0
chr3_GL000221v1_random	155397	5136	0
chr12_GL383549v1_alt	120804	762	0
chr2_KI270775v1_alt	138019	760	0
chr11_KI270902v1_alt	106711	1260	0
chr9	138394717	2144828	0
chr17_KI270859v1_alt	108763	586	0
chr4_KI270925v1_alt	555799	5584	0
chr6_GL000250v2_alt	4672374	90178	0
chr22_GL383582v2_alt	162811	6418	0
chr1_KI270765v1_alt	185285	18951	0
chrUn_KI270384v1	1658	10	0
chr22_GL383583v2_alt	96924	1542	0
chr21_GL383579v2_alt	201197	1202	0
chrUn_KI270429v1	1361	18	0
chr17_KI270858v1_alt	235827	1032	0
chr6_KI270758v1_alt	76752	1013	0
chr19_GL949751v2_alt	1002683	26720	0
chr2_KI270715v1_random	161471	776	0
chrUn_KI270372v1	1650	8	0
chr19_GL383575v2_alt	170222	1450	0
chr18	80373285	991811	0
chrUn_KI270519v1	138126	1036	0
chr17_KI270861v1_alt	196688	12668	0
chr6_GL000251v2_alt	4795265	190846	0
chr6_GL000255v2_alt	4606388	192251	0
chr1_KI270708v1_random	127682	1068	0
chr10_KI270824v1_alt	181496	1762	0
chrUn_KI270518v1	2186	46	0
chr16_GL383557v1_alt	89672	2096	0
chr2_KI270768v1_alt	110099	1518	0
chr13_KI270843v1_alt	103832	780	0
chr7_KI270809v1_alt	209586	5734	0
chrUn_KI270438v1	112505	11726	0
chr3_KI270936v1_alt	164170	13218	0
chr20_GL383577v2_alt	128386	976	0
chrUn_KI270510v1	2415	16	0
chr19_KI270885v1_alt	171027	2	0
chr19_KI270886v1_alt	204239	30	0
chr19_KI270865v1_alt	52969	2604	0
chr22_KI270736v1_random	181920	3984	0
chrUn_KI270509v1	2318	20	0
chrX_KI270881v1_alt	144206	558	0
chr19_KI270933v1_alt	170537	34	0
chrUn_KI270507v1	5353	42	0
chr12_GL383550v2_alt	169178	3974	0
chr5_GL000208v1_random	92689	656	0
chrUn_KI270419v1	1029	0	0
chr2_KI270767v1_alt	161578	2886	0
chrUn_KI270754v1	40191	2056	0
chr15_KI270906v1_alt	196384	2898	0
chrUn_KI270335v1	1048	22	0
chrUn_KI270508v1	1951	44	0
chrUn_KI270334v1	1368	24	0
chr10	133797422	2170280	0
chr6_KI270799v1_alt	152148	912	0
chr10_GL383546v1_alt	309802	3526	0
chr15_KI270849v1_alt	244917	15188	0
chrUn_KI270315v1	2276	8	0
chr16_KI270855v1_alt	232857	17220	0
chrUn_KI270423v1	981	0	0
chr22_KI270879v1_alt	304135	17221	0
chr7_KI270808v1_alt	271455	1781	0
chrUn_KI270742v1	186739	6310	0
chr1_KI270713v1_random	40745	13776	0
chr2_KI270770v1_alt	136240	882	0
chr14_KI270844v1_alt	322166	2160	0
chr22	50818468	883610	0
chr4_KI270785v1_alt	119912	662	0
chr14	107043718	1653767	0
chrUn_KI270511v1	8127	72	0
chr8_KI270926v1_alt	229282	4336	0
chrUn_KI270593v1	3041	38	0
chr7_GL383534v2_alt	119183	3638	0
chrUn_KI270579v1	31033	202	0
chr1_KI270764v1_alt	50258	318	0
chrUn_KI270468v1	4055	12	0
chrUn_KI270583v1	1400	16	0
chr19_KI270915v1_alt	170665	2	0
chr19_KI270868v1_alt	61734	2136	0
chr9_KI270720v1_random	39050	542	0
chrX	156040895	1349482	0
chrUn_KI270373v1	1451	2	0
chr3_JH636055v2_alt	173151	2488	0
chr19_KI270884v1_alt	157053	62	0
chrUn_KI270755v1	36723	222	0
chr4_KI270789v1_alt	205944	1138	0
chr1_KI270709v1_random	66860	1356	0
chr19_GL949746v1_alt	987716	35106	0
chr9_GL383541v1_alt	171286	1306	0
chrUn_KI270521v1	7642	46	0
chr4_KI270786v1_alt	244096	1594	0
chr19_KI270914v1_alt	205194	54	0
chr12_GL383553v2_alt	152874	1090	0
chr17_KI270908v1_alt	1423190	38042	0
chr7_KI270805v1_alt	209988	1772	0
chrUn_KI270756v1	79590	628	0
chrUn_KI270589v1	44474	284	0
chr6_GL000253v2_alt	4677643	149626	0
chrUn_KI270411v1	2646	112	0
chr11	135086622	2919903	0
chr13	114364328	1542060	0
chrUn_KI270386v1	1788	38	0
chr1_KI270761v1_alt	165834	2162	0
chr22_KI270733v1_random	179772	1048863	0
chr19_KI270888v1_alt	155532	16	0
chr22_KI270875v1_alt	259914	2077	0
chr19_GL383573v1_alt	385657	5260	0
chr16_KI270853v1_alt	2659700	80965	0
chr19_KI270920v1_alt	198005	214	0
chr20_KI270870v1_alt	183433	2104	0
chr4_KI270788v1_alt	158965	810	0
chr3_KI270784v1_alt	184404	4026	0
chr1_KI270759v1_alt	425601	2713	0
chr19_KI270867v1_alt	233762	5404	0
chr19_GL383574v1_alt	155864	3996	0
chr19_KI270883v1_alt	170399	12	0
chr8_KI270822v1_alt	624492	4612	0
chr12_KI270904v1_alt	572349	4474	0
chrUn_KI270750v1	148850	2334	0
chr3_KI270935v1_alt	197351	14674	0
chr12_GL383551v1_alt	184319	1176	0
chr19	58617616	1944017	0
chr15_KI270851v1_alt	263054	5010	0
chrUn_KI270749v1	158759	2568	0
chr19_GL949752v1_alt	987100	35360	0
chrUn_KI270512v1	22689	132	0
chr9_KI270823v1_alt	439082	2720	0
chr18_KI270911v1_alt	157710	3558	0
chr8	145138636	2073825	0
chr19_KI270887v1_alt	209512	82	0
chr12_KI270836v1_alt	56134	478	0
chr22_KI270732v1_random	41543	696	0
chr18_GL383568v1_alt	104552	678	0
chr19_KI270929v1_alt	186203	212	0
chr17_KI270910v1_alt	157099	4052	0
chr8_KI270821v1_alt	985506	15550	0
chrUn_GL000218v1	161147	4262	0
chrUn_KI270418v1	2145	12	0
chr15_GL383555v2_alt	388773	3536	0
chrY_KI270740v1_random	37240	402	0
chr17	83257441	2146536	0
chr3_GL383526v1_alt	180671	1264	0
chr14_GL000009v2_random	201709	3940	0
chrUn_KI270390v1	2387	8	0
chr19_KI270890v1_alt	184499	108	0
chrUn_KI270322v1	21476	68	0
chr8_KI270813v1_alt	300230	6240	0
chrUn_KI270302v1	2274	18	0
chrUn_KI270424v1	2140	0	0
chr17_JH159146v1_alt	278131	1376	0
chr22_KI270876v1_alt	263666	1966	0
chr14_KI270722v1_random	194050	1198	0
chrUn_KI270741v1	157432	1104	0
chr18_GL383569v1_alt	167950	1248	0
chrUn_KI270745v1	41891	680	0
chrUn_KI270363v1	1803	12	0
chr4_KI270790v1_alt	220246	1120	0
chr19_KI270918v1_alt	123111	20	0
chr11_JH159136v1_alt	200998	1274	0
chr11_KI270831v1_alt	296895	14116	0
chr11_KI270829v1_alt	204059	1292	0
chr3_KI270934v1_alt	163458	13282	0
chr2_GL383522v1_alt	123821	1866	0
chr19_KI270866v1_alt	43156	2578	0
chr6_GL000252v2_alt	4604811	164292	0
chr17_KI270860v1_alt	178921	5690	0
chr19_GL383576v1_alt	188024	894	0
chrUn_KI270465v1	1774	22	0
chr7	159345973	2755384	0
chrUn_KI270587v1	2969	60	0
chr13_KI270840v1_alt	191684	1370	0
chrUn_KI270582v1	6504	70	0
chr19_GL949748v2_alt	1064304	26712	0
chr1_KI270706v1_random	175055	3772	0
chr2_KI270773v1_alt	70887	472	0
chr20_KI270869v1_alt	118774	770	0
chrUn_KI270333v1	2699	19484	0
chr8_KI270815v1_alt	132244	1872	0
chr19_KI270923v1_alt	189352	204	0
chr17_GL000258v2_alt	1821992	57960	0
chrUn_KI270420v1	2321	22	0
chrUn_GL000219v1	179198	3728	0
chr11_GL383547v1_alt	154407	990	0
chrUn_GL000224v1	179693	16899	0
chr22_KI270738v1_random	99375	448	0
chr3_KI270783v1_alt	109187	886	0
chrUn_KI270387v1	1537	2	0
chr5_KI270795v1_alt	131892	2630	0
chr4_KI270896v1_alt	378547	5298	0
chr17_GL383565v1_alt	223995	1142	0
chrUn_KI270382v1	4215	52	0
chr9_GL383542v1_alt	60032	488	0
chr17_KI270862v1_alt	391357	8695	0
chr11_KI270903v1_alt	214625	4787	0
*	0	0	0
