chr18_KI270863v1_alt	167999	11244	0
chr1_GL383519v1_alt	110268	13432	0
chrUn_KI270388v1	1216	18	0
chr18_GL383572v1_alt	159547	6772	0
chr19_KI270882v1_alt	248807	240	0
chr22_KI270731v1_random	150754	21164	0
chrUn_KI270442v1	392061	34585	0
chr3_KI270895v1_alt	162896	16751	0
chr5_GL339449v2_alt	1612928	61236	0
chrY	57227415	824196	0
chr17_GL000205v2_random	185591	31375	0
chrUn_GL000195v1	182896	33885	0
chr12_KI270834v1_alt	119498	3848	0
chr17_GL383566v1_alt	90219	4712	0
chr6_GL000254v2_alt	4827813	233588	0
chr17_GL383564v2_alt	133151	6964	0
chrUn_KI270320v1	4416	540	0
chr1_KI270714v1_random	41717	2590	0
chr4_GL000257v2_alt	586476	14308	0
chrUn_KI270753v1	62944	3650	0
chr19_KI270922v1_alt	187935	422	0
chr9_GL383539v1_alt	162988	3828	0
chrUn_KI270393v1	1308	20	0
chr5_GL949742v1_alt	226852	4340	0
chr16_KI270854v1_alt	134193	9332	0
chrUn_KI270516v1	1300	94	0
chr13_KI270839v1_alt	180306	2990	0
chr21_GL383580v2_alt	74653	3420	0
chr18_KI270912v1_alt	174061	4612	0
chrUn_KI270743v1	210658	24055	0
chrUn_KI270391v1	1484	48	0
chr19_KI270917v1_alt	190932	418	0
chrUn_KI270528v1	2983	36	0
chrUn_KI270757v1	71251	3296	0
chr8_KI270819v1_alt	133535	8598	0
chr18_KI270864v1_alt	111737	2118	0
chr15_KI270905v1_alt	5161414	180332	0
chr9_KI270717v1_random	40062	3178	0
chrUn_KI270746v1	66486	2727	0
chr19_KI270891v1_alt	170680	4	0
chr8_KI270812v1_alt	282736	8880	0
chrUn_KI270425v1	1884	22	0
chrUn_KI270544v1	1202	64	0
chr5_GL383532v1_alt	82728	1344	0
chrUn_GL000216v2	176608	100198	0
chrUn_KI270303v1	1942	84	0
chr17_JH159147v1_alt	70345	1506	0
chr21	46709983	3675014	0
chr5	181538259	5137528	0
chr2_KI270774v1_alt	223625	6316	0
chrX_KI270880v1_alt	284869	13922	0
chr1_KI270712v1_random	176043	20404	0
chr19_GL000209v2_alt	177381	336	0
chrUn_KI270330v1	1652	2138	0
chrUn_KI270581v1	7046	430	0
chr1_KI270763v1_alt	911658	28257	0
chr19_GL949749v2_alt	1091841	37686	0
chr3	198295559	5647478	0
chr12_KI270833v1_alt	76061	1708	0
chr4_GL000008v2_random	209709	20857	0
chrUn_KI270588v1	6158	246	0
chr5_KI270794v1_alt	164558	3312	0
chr12_GL383552v1_alt	138655	2302	0
chr1_KI270762v1_alt	354444	46947	0
chr7_KI270803v1_alt	1111570	32181	0
chr14_KI270725v1_random	172810	9574	0
chr2	242193529	7286872	0
chrUn_KI270362v1	3530	20	0
chr3_KI270777v1_alt	173649	4144	0
chrUn_KI270396v1	1880	66	0
chr19_KI270919v1_alt	170701	46	0
chrUn_KI270394v1	970	4	0
chr21_KI270873v1_alt	143900	5898	0
chr9_KI270718v1_random	38054	5642	0
chr3_KI270924v1_alt	166540	16355	0
chr14_KI270847v1_alt	1511111	61326	0
chr4_GL383527v1_alt	164536	3686	0
chr5_GL383530v1_alt	101241	1616	0
chr5_KI270793v1_alt	126136	6528	0
chr1_KI270766v1_alt	256271	11310	0
chr6_KI270797v1_alt	197536	7864	0
chr18_GL383567v1_alt	289831	7426	0
chrUn_KI270752v1	27745	76	0
chr17_KI270907v1_alt	137721	5886	0
chrX_KI270913v1_alt	274009	11520	0
chr3_KI270781v1_alt	113034	3260	0
chrUn_GL000214v1	137718	74774	0
chr4_GL383528v1_alt	376187	7580	0
chrUn_KI270375v1	2378	60	0
chr3_KI270779v1_alt	205312	18807	0
chr5_KI270897v1_alt	1144418	48303	0
chr5_KI270791v1_alt	195710	9774	0
chr5_GL383531v1_alt	173459	3382	0
chrUn_GL000213v1	164239	5014	0
chr19_GL949750v2_alt	1066390	37676	0
chr5_KI270898v1_alt	130957	5840	0
chrUn_KI270467v1	3920	50130	0
chrUn_KI270310v1	1201	122	0
chr14_KI270846v1_alt	1351393	71802	0
chrUn_KI270747v1	198735	7024	0
chr11_KI270721v1_random	100316	7466	0
chr13_KI270842v1_alt	37287	2262	0
chr14_KI270724v1_random	39555	3592	0
chr8_KI270817v1_alt	158983	8280	0
chrUn_KI270395v1	1143	96	0
chr1_KI270892v1_alt	162212	4582	0
chr13_KI270838v1_alt	306913	9582	0
chr22_KI270877v1_alt	101331	4812	0
chrUn_KI270338v1	1428	84	0
chr17_KI270857v1_alt	2877074	137780	0
chr15_KI270848v1_alt	327382	11770	0
chr5_KI270796v1_alt	172708	3036	0
chrUn_KI270336v1	1026	8428	0
chr8_KI270810v1_alt	374415	7716	0
chrUn_KI270417v1	2043	14	0
chr19_KI270938v1_alt	1066800	60668	0
chr22_KI270734v1_random	165050	27394	0
chr8_KI270818v1_alt	145606	5930	0
chr12_GL877876v1_alt	408271	7848	0
chr6	170805979	5167974	0
chrUn_KI270590v1	4685	276	0
chrUn_KI270529v1	1899	52	0
chr19_KI270931v1_alt	170148	4	0
chrUn_KI270538v1	91309	2666	0
chrUn_KI270311v1	12399	294	0
chr11_KI270827v1_alt	67707	2248	0
chr2_KI270893v1_alt	161218	7094	0
chr1_KI270710v1_random	40176	1916	0
chrUn_KI270412v1	1179	56	0
chrUn_KI270389v1	1298	14	0
chr16	90338345	3707121	0
chrUn_KI270591v1	5796	448	0
chr21_GL383578v2_alt	63917	1386	0
chr10_KI270825v1_alt	188315	7690	0
chr22_KI270737v1_random	103838	6294	0
chrUn_GL000220v1	161802	995813	0
chrUn_KI270316v1	1444	38	0
chrUn_KI270748v1	93321	12150	0
chrUn_KI270304v1	2165	60	0
chrUn_KI270548v1	1599	42	0
chr6_KI270801v1_alt	870480	21784	0
chr1_KI270707v1_random	32032	1798	0
chrUn_KI270744v1	168472	48348	0
chr22_KI270928v1_alt	176103	12460	0
chr18_GL383571v1_alt	198278	4374	0
chr1_GL383518v1_alt	182439	10906	0
chr16_KI270728v1_random	1872759	62982	0
chr10_GL383545v1_alt	179254	4422	0
chrUn_KI270580v1	1553	86	0
chr3_KI270778v1_alt	248252	4154	0
chr19_KI270930v1_alt	200773	188	0
chrUn_KI270422v1	1445	48	0
chr2_GL383521v1_alt	143390	4398	0
chr8_KI270816v1_alt	305841	28342	0
chr19_KI270932v1_alt	215732	164	0
chrUn_KI270329v1	1040	30	0
chr7_KI270899v1_alt	190869	12810	0
chrUn_KI270312v1	998	20	0
chr12_KI270835v1_alt	238139	9812	0
chr1_GL383520v2_alt	366580	13788	0
chrUn_GL000226v1	15008	874	0
chrUn_KI270435v1	92983	2990	0
chr2_KI270894v1_alt	214158	20710	0
chr14_KI270845v1_alt	180703	7384	0
chrUn_KI270522v1	5674	52	0
chr22_KB663609v1_alt	74013	9224	0
chr1_KI270711v1_random	42210	4052	0
chrUn_KI270305v1	1472	48	0
chr7_KI270807v1_alt	126434	5488	0
chr6_GL000256v2_alt	4929269	234683	0
chr8_KI270900v1_alt	318687	10976	0
chr20	64444167	2384484	0
chr12_GL877875v1_alt	167313	20862	0
chrUn_KI270392v1	971	8	0
chr2_KI270776v1_alt	174166	14958	0
chr5_KI270792v1_alt	179043	11516	0
chr6_KI270798v1_alt	271782	10981	0
chrUn_KI270376v1	1136	16	0
chrUn_KI270378v1	1048	14	0
chr11_KI270826v1_alt	186169	5198	0
chr8_KI270820v1_alt	36640	1476	0
chrUn_KI270383v1	1750	24	0
chr11_JH159137v1_alt	191409	3398	0
chr17_KI270729v1_random	280839	38858	0
chr14_KI270723v1_random	38115	3650	0
chr9_GL383540v1_alt	71551	2294	0
chrUn_KI270385v1	990	18	0
chr11_KI270832v1_alt	210133	27628	0
chr13_KI270841v1_alt	169134	3994	0
chrUn_KI270466v1	1233	9060	0
chrUn_KI270379v1	1045	28	0
chr7_KI270806v1_alt	158166	3551	0
chr2_KI270769v1_alt	120616	4006	0
chr17_KI270730v1_random	112551	11182	0
chrUn_KI270366v1	8320	178	0
chr15	101991189	2761391	0
chrUn_KI270374v1	2656	50	0
chr12	133275309	4424302	0
chr15_KI270852v1_alt	478999	13702	0
chr11_KI270830v1_alt	177092	13180	0
chr16_KI270856v1_alt	63982	3592	0
chrUn_KI270517v1	3253	180	0
chr1_KI270760v1_alt	109528	3014	0
chr19_KI270889v1_alt	170698	30	0
chr19_GL949753v2_alt	796479	44656	0
chrUn_KI270515v1	6361	380	0
chrUn_KI270381v1	1930	40	0
chr19_KI270916v1_alt	184516	206	0
chr3_KI270780v1_alt	224108	10676	0
chrUn_KI270364v1	2855	78	0
chr21_GL383581v2_alt	116689	5884	0
chr6_GL383533v1_alt	124736	2784	0
chr17_KI270909v1_alt	325800	17580	0
chr20_KI270871v1_alt	58661	3754	0
chr8_KI270814v1_alt	141812	7826	0
chr3_KI270782v1_alt	162429	7828	0
chrUn_KI270414v1	2489	74	0
chr21_KI270874v1_alt	166743	2994	0
chrUn_KI270539v1	993	78	0
chr14_KI270726v1_random	43739	734	0
chrUn_KI270530v1	2168	30	0
chr8_KI270901v1_alt	136959	4120	0
chr3_KI270937v1_alt	165607	16779	0
chrUn_KI270337v1	1121	18246	0
chr17_GL383563v3_alt	375691	19000	0
chrM	16569	9010095	0
chr15_KI270850v1_alt	430880	45950	0
chr19_KI270921v1_alt	282224	698	0
chr19_GL949747v2_alt	729520	43064	0
chrUn_KI270371v1	2805	54	0
chr14_GL000225v1_random	211173	279272	0
chr15_KI270727v1_random	448248	12884	0
chr17_JH159148v1_alt	88070	1800	0
chr22_KI270735v1_random	42811	3302	0
chrUn_KI270448v1	7992	262	0
chr2_GL582966v2_alt	96131	2240	0
chr6_KI270802v1_alt	75005	2576	0
chr4_KI270787v1_alt	111943	2032	0
chr2_KI270771v1_alt	110395	1784	0
chr15_GL383554v1_alt	296527	16068	0
chr1	248956422	9556765	0
chr7_KI270804v1_alt	157952	8360	0
chr4	190214555	5028556	0
chr21_KI270872v1_alt	82692	7676	0
chr11_KI270927v1_alt	218612	12661	0
chr2_KI270772v1_alt	133041	15680	0
chr8_KI270811v1_alt	292436	11488	0
chr2_KI270716v1_random	153799	2314	0
chr18_GL383570v1_alt	164789	2962	0
chr16_GL383556v1_alt	192462	6480	0
chr22_KI270878v1_alt	186262	8237	0
chrUn_KI270317v1	37690	118	0
chr6_KI270800v1_alt	175808	3544	0
chr12_KI270837v1_alt	40090	784	0
chr9_KI270719v1_random	176845	14949	0
chr14_GL000194v1_random	191469	19678	0
chr6_KB021644v2_alt	185823	5572	0
chr22_KI270739v1_random	73985	1176	0
chrUn_KI270751v1	150742	17672	0
chrUn_KI270584v1	4513	154	0
chrUn_KI270340v1	1428	120	0
chr3_GL000221v1_random	155397	18166	0
chr12_GL383549v1_alt	120804	2270	0
chr2_KI270775v1_alt	138019	2236	0
chr11_KI270902v1_alt	106711	7208	0
chr9	138394717	4392553	0
chr17_KI270859v1_alt	108763	2638	0
chr4_KI270925v1_alt	555799	16148	0
chr6_GL000250v2_alt	4672374	125734	0
chr22_GL383582v2_alt	162811	10928	0
chr1_KI270765v1_alt	185285	23144	0
chrUn_KI270384v1	1658	46	0
chr22_GL383583v2_alt	96924	3780	0
chr21_GL383579v2_alt	201197	3704	0
chrUn_KI270429v1	1361	64	0
chr17_KI270858v1_alt	235827	3930	0
chr6_KI270758v1_alt	76752	1922	0
chr19_GL949751v2_alt	1002683	37698	0
chr2_KI270715v1_random	161471	2592	0
chrUn_KI270372v1	1650	32	0
chr19_GL383575v2_alt	170222	3224	0
chr18	80373285	2039992	0
chrUn_KI270519v1	138126	3834	0
chr17_KI270861v1_alt	196688	21982	0
chr6_GL000251v2_alt	4795265	276103	0
chr6_GL000255v2_alt	4606388	267967	0
chr1_KI270708v1_random	127682	4596	0
chr10_KI270824v1_alt	181496	8090	0
chrUn_KI270518v1	2186	148	0
chr16_GL383557v1_alt	89672	4032	0
chr2_KI270768v1_alt	110099	5180	0
chr13_KI270843v1_alt	103832	1868	0
chr7_KI270809v1_alt	209586	11018	0
chrUn_KI270438v1	112505	106458	0
chr3_KI270936v1_alt	164170	16725	0
chr20_GL383577v2_alt	128386	4368	0
chrUn_KI270510v1	2415	88	0
chr19_KI270885v1_alt	171027	34	0
chr19_KI270886v1_alt	204239	102	0
chr19_KI270865v1_alt	52969	6668	0
chr22_KI270736v1_random	181920	26764	0
chrUn_KI270509v1	2318	112	0
chrX_KI270881v1_alt	144206	1532	0
chr19_KI270933v1_alt	170537	126	0
chrUn_KI270507v1	5353	204	0
chr12_GL383550v2_alt	169178	5669	0
chr5_GL000208v1_random	92689	2358	0
chrUn_KI270419v1	1029	6	0
chr2_KI270767v1_alt	161578	7070	0
chrUn_KI270754v1	40191	15216	0
chr15_KI270906v1_alt	196384	9436	0
chrUn_KI270335v1	1048	28	0
chrUn_KI270508v1	1951	134	0
chrUn_KI270334v1	1368	58	0
chr10	133797422	4365754	0
chr6_KI270799v1_alt	152148	3228	0
chr10_GL383546v1_alt	309802	8698	0
chr15_KI270849v1_alt	244917	16156	0
chrUn_KI270315v1	2276	60	0
chr16_KI270855v1_alt	232857	27886	0
chrUn_KI270423v1	981	16	0
chr22_KI270879v1_alt	304135	25544	0
chr7_KI270808v1_alt	271455	7854	0
chrUn_KI270742v1	186739	22421	0
chr1_KI270713v1_random	40745	11596	0
chr2_KI270770v1_alt	136240	3423	0
chr14_KI270844v1_alt	322166	6728	0
chr22	50818468	2029919	0
chr4_KI270785v1_alt	119912	2634	0
chr14	107043718	2948817	0
chrUn_KI270511v1	8127	232	0
chr8_KI270926v1_alt	229282	9218	0
chrUn_KI270593v1	3041	100	0
chr7_GL383534v2_alt	119183	5380	0
chrUn_KI270579v1	31033	880	0
chr1_KI270764v1_alt	50258	1090	0
chrUn_KI270468v1	4055	92	0
chrUn_KI270583v1	1400	82	0
chr19_KI270915v1_alt	170665	2	0
chr19_KI270868v1_alt	61734	7064	0
chr9_KI270720v1_random	39050	1796	0
chrX	156040895	2501047	0
chrUn_KI270373v1	1451	38	0
chr3_JH636055v2_alt	173151	4860	0
chr19_KI270884v1_alt	157053	200	0
chrUn_KI270755v1	36723	1146	0
chr4_KI270789v1_alt	205944	4825	0
chr1_KI270709v1_random	66860	7492	0
chr19_GL949746v1_alt	987716	56872	0
chr9_GL383541v1_alt	171286	3566	0
chrUn_KI270521v1	7642	204	0
chr4_KI270786v1_alt	244096	6658	0
chr19_KI270914v1_alt	205194	100	0
chr12_GL383553v2_alt	152874	3162	0
chr17_KI270908v1_alt	1423190	78987	0
chr7_KI270805v1_alt	209988	9656	0
chrUn_KI270756v1	79590	4890	0
chrUn_KI270589v1	44474	1958	0
chr6_GL000253v2_alt	4677643	210868	0
chrUn_KI270411v1	2646	358	0
chr11	135086622	4691552	0
chr13	114364328	2588783	0
chrUn_KI270386v1	1788	58	0
chr1_KI270761v1_alt	165834	4936	0
chr22_KI270733v1_random	179772	973338	0
chr19_KI270888v1_alt	155532	58	0
chr22_KI270875v1_alt	259914	6592	0
chr19_GL383573v1_alt	385657	9728	0
chr16_KI270853v1_alt	2659700	182243	0
chr19_KI270920v1_alt	198005	492	0
chr20_KI270870v1_alt	183433	10424	0
chr4_KI270788v1_alt	158965	2930	0
chr3_KI270784v1_alt	184404	11150	0
chr1_KI270759v1_alt	425601	10400	0
chr19_KI270867v1_alt	233762	9254	0
chr19_GL383574v1_alt	155864	6910	0
chr19_KI270883v1_alt	170399	14	0
chr8_KI270822v1_alt	624492	11222	0
chr12_KI270904v1_alt	572349	10382	0
chrUn_KI270750v1	148850	10020	0
chr3_KI270935v1_alt	197351	18743	0
chr12_GL383551v1_alt	184319	4234	0
chr19	58617616	3768504	0
chr15_KI270851v1_alt	263054	14292	0
chrUn_KI270749v1	158759	8786	0
chr19_GL949752v1_alt	987100	57010	0
chrUn_KI270512v1	22689	816	0
chr9_KI270823v1_alt	439082	8810	0
chr18_KI270911v1_alt	157710	6726	0
chr8	145138636	4065495	0
chr19_KI270887v1_alt	209512	342	0
chr12_KI270836v1_alt	56134	1958	0
chr22_KI270732v1_random	41543	2922	0
chr18_GL383568v1_alt	104552	1928	0
chr19_KI270929v1_alt	186203	470	0
chr17_KI270910v1_alt	157099	10534	0
chr8_KI270821v1_alt	985506	34848	0
chrUn_GL000218v1	161147	13558	0
chrUn_KI270418v1	2145	44	0
chr15_GL383555v2_alt	388773	12308	0
chrY_KI270740v1_random	37240	1130	0
chr17	83257441	3968192	0
chr3_GL383526v1_alt	180671	3658	0
chr14_GL000009v2_random	201709	15452	0
chrUn_KI270390v1	2387	48	0
chr19_KI270890v1_alt	184499	366	0
chrUn_KI270322v1	21476	410	0
chr8_KI270813v1_alt	300230	17728	0
chrUn_KI270302v1	2274	54	0
chrUn_KI270424v1	2140	10	0
chr17_JH159146v1_alt	278131	6060	0
chr22_KI270876v1_alt	263666	5976	0
chr14_KI270722v1_random	194050	4980	0
chrUn_KI270741v1	157432	3470	0
chr18_GL383569v1_alt	167950	4342	0
chrUn_KI270745v1	41891	3494	0
chrUn_KI270363v1	1803	22	0
chr4_KI270790v1_alt	220246	3718	0
chr19_KI270918v1_alt	123111	26	0
chr11_JH159136v1_alt	200998	3914	0
chr11_KI270831v1_alt	296895	22684	0
chr11_KI270829v1_alt	204059	3864	0
chr3_KI270934v1_alt	163458	16789	0
chr2_GL383522v1_alt	123821	2900	0
chr19_KI270866v1_alt	43156	4704	0
chr6_GL000252v2_alt	4604811	240755	0
chr17_KI270860v1_alt	178921	13276	0
chr19_GL383576v1_alt	188024	3262	0
chrUn_KI270465v1	1774	68	0
chr7	159345973	5209851	0
chrUn_KI270587v1	2969	194	0
chr13_KI270840v1_alt	191684	5894	0
chrUn_KI270582v1	6504	352	0
chr19_GL949748v2_alt	1064304	37668	0
chr1_KI270706v1_random	175055	16648	0
chr2_KI270773v1_alt	70887	1824	0
chr20_KI270869v1_alt	118774	5190	0
chrUn_KI270333v1	2699	39690	0
chr8_KI270815v1_alt	132244	4528	0
chr19_KI270923v1_alt	189352	448	0
chr17_GL000258v2_alt	1821992	114864	0
chrUn_KI270420v1	2321	48	0
chrUn_GL000219v1	179198	7446	0
chr11_GL383547v1_alt	154407	3198	0
chrUn_GL000224v1	179693	80816	0
chr22_KI270738v1_random	99375	2108	0
chr3_KI270783v1_alt	109187	1864	0
chrUn_KI270387v1	1537	8	0
chr5_KI270795v1_alt	131892	5914	0
chr4_KI270896v1_alt	378547	13698	0
chr17_GL383565v1_alt	223995	3558	0
chrUn_KI270382v1	4215	100	0
chr9_GL383542v1_alt	60032	1748	0
chr17_KI270862v1_alt	391357	21942	0
chr11_KI270903v1_alt	214625	14134	0
*	0	0	0
