## htsjdk.samtools.metrics.StringHeader
# MarkDuplicates --INPUT data/mapped_data/ATAC_D0_repl_2_HDACi_S37_trimmed_Aligned.sortedByCoord.out.bam --OUTPUT data/mapped_data/ATAC_D0_repl_2_HDACi_S37_trimmed_Aligned.sortedByCoord.dupMarker.out.bam --METRICS_FILE qc_reports/mapping_reads/ATAC_D0_repl_2_HDACi_S37_trimmed_marked_dup_metrics.txt --MAX_SEQUENCES_FOR_DISK_READ_ENDS_MAP 50000 --MAX_FILE_HANDLES_FOR_READ_ENDS_MAP 8000 --SORTING_COLLECTION_SIZE_RATIO 0.25 --TAG_DUPLICATE_SET_MEMBERS false --REMOVE_SEQUENCING_DUPLICATES false --TAGGING_POLICY DontTag --CLEAR_DT true --DUPLEX_UMI false --ADD_PG_TAG_TO_READS true --REMOVE_DUPLICATES false --ASSUME_SORTED false --DUPLICATE_SCORING_STRATEGY SUM_OF_BASE_QUALITIES --PROGRAM_RECORD_ID MarkDuplicates --PROGRAM_GROUP_NAME MarkDuplicates --READ_NAME_REGEX <optimized capture of last three ':' separated fields as numeric values> --OPTICAL_DUPLICATE_PIXEL_DISTANCE 100 --MAX_OPTICAL_DUPLICATE_SET_SIZE 300000 --VERBOSITY INFO --QUIET false --VALIDATION_STRINGENCY STRICT --COMPRESSION_LEVEL 5 --MAX_RECORDS_IN_RAM 500000 --CREATE_INDEX false --CREATE_MD5_FILE false --GA4GH_CLIENT_SECRETS client_secrets.json --help false --version false --showHidden false --USE_JDK_DEFLATER false --USE_JDK_INFLATER false
## htsjdk.samtools.metrics.StringHeader
# Started on: Thu Aug 19 03:58:48 PDT 2021

## METRICS CLASS	picard.sam.DuplicationMetrics
LIBRARY	UNPAIRED_READS_EXAMINED	READ_PAIRS_EXAMINED	SECONDARY_OR_SUPPLEMENTARY_RDS	UNMAPPED_READS	UNPAIRED_READ_DUPLICATES	READ_PAIR_DUPLICATES	READ_PAIR_OPTICAL_DUPLICATES	PERCENT_DUPLICATION	ESTIMATED_LIBRARY_SIZE
Unknown Library	1116	44653298	16857969	0	742	25488800	504344	0.570817	22205262

## HISTOGRAM	java.lang.Double
BIN	CoverageMult	all_sets	optical_sets	non_optical_sets
1.0	1.003563	13783302	0	13938204
2.0	1.137904	3398832	369703	3323469
3.0	1.155887	954082	28329	907340
4.0	1.158294	313323	8243	294760
5.0	1.158617	134531	3560	127967
6.0	1.15866	76562	1823	74212
7.0	1.158666	53774	1027	52753
8.0	1.158666	40824	679	40440
9.0	1.158666	33476	416	33183
10.0	1.158667	28151	301	27887
11.0	1.158667	23772	234	23571
12.0	1.158667	20754	168	20547
13.0	1.158667	18062	120	17897
14.0	1.158667	16289	79	16164
15.0	1.158667	14547	52	14434
16.0	1.158667	13106	53	13039
17.0	1.158667	11933	39	11701
18.0	1.158667	10547	30	10564
19.0	1.158667	9739	30	9650
20.0	1.158667	8873	18	8829
21.0	1.158667	8372	16	8287
22.0	1.158667	7791	13	7653
23.0	1.158667	7092	8	7037
24.0	1.158667	6647	15	6614
25.0	1.158667	6097	7	6073
26.0	1.158667	5782	11	5715
27.0	1.158667	5466	8	5414
28.0	1.158667	5061	3	4982
29.0	1.158667	4861	1	4836
30.0	1.158667	4476	1	4437
31.0	1.158667	4192	6	4065
32.0	1.158667	3899	2	3985
33.0	1.158667	3818	2	3766
34.0	1.158667	3629	3	3605
35.0	1.158667	3452	1	3455
36.0	1.158667	3275	2	3245
37.0	1.158667	3130	3	3062
38.0	1.158667	2918	1	2912
39.0	1.158667	2836	0	2828
40.0	1.158667	2769	0	2773
41.0	1.158667	2696	0	2634
42.0	1.158667	2609	2	2556
43.0	1.158667	2482	0	2432
44.0	1.158667	2332	0	2352
45.0	1.158667	2224	0	2144
46.0	1.158667	2111	0	2114
47.0	1.158667	2030	0	2007
48.0	1.158667	1972	0	1931
49.0	1.158667	1814	1	1869
50.0	1.158667	1788	0	1756
51.0	1.158667	1762	0	1717
52.0	1.158667	1672	0	1640
53.0	1.158667	1602	0	1616
54.0	1.158667	1551	0	1552
55.0	1.158667	1536	0	1458
56.0	1.158667	1431	0	1430
57.0	1.158667	1383	0	1345
58.0	1.158667	1344	0	1323
59.0	1.158667	1318	0	1340
60.0	1.158667	1225	0	1269
61.0	1.158667	1300	0	1234
62.0	1.158667	1230	0	1206
63.0	1.158667	1171	0	1163
64.0	1.158667	1132	0	1117
65.0	1.158667	1107	0	1079
66.0	1.158667	1017	0	1068
67.0	1.158667	1090	1	1070
68.0	1.158667	1091	0	1087
69.0	1.158667	1041	0	1037
70.0	1.158667	983	0	947
71.0	1.158667	939	0	908
72.0	1.158667	900	0	914
73.0	1.158667	891	0	928
74.0	1.158667	882	0	837
75.0	1.158667	824	0	807
76.0	1.158667	816	0	776
77.0	1.158667	817	0	826
78.0	1.158667	776	0	767
79.0	1.158667	734	0	708
80.0	1.158667	677	0	682
81.0	1.158667	746	0	712
82.0	1.158667	702	0	722
83.0	1.158667	693	0	671
84.0	1.158667	669	0	673
85.0	1.158667	699	0	683
86.0	1.158667	652	0	643
87.0	1.158667	592	0	598
88.0	1.158667	615	0	602
89.0	1.158667	602	0	622
90.0	1.158667	620	0	633
91.0	1.158667	595	0	588
92.0	1.158667	577	0	541
93.0	1.158667	568	0	542
94.0	1.158667	545	0	585
95.0	1.158667	537	0	507
96.0	1.158667	491	0	469
97.0	1.158667	508	0	485
98.0	1.158667	493	0	496
99.0	1.158667	474	0	499
100.0	1.158667	443	0	482
101.0	0	510	0	470
102.0	0	460	0	454
103.0	0	467	0	458
104.0	0	467	0	428
105.0	0	414	0	445
106.0	0	435	0	391
107.0	0	409	0	419
108.0	0	424	0	409
109.0	0	385	0	398
110.0	0	400	0	377
111.0	0	387	0	414
112.0	0	363	0	374
113.0	0	405	0	388
114.0	0	356	0	330
115.0	0	368	0	329
116.0	0	346	0	336
117.0	0	340	0	385
118.0	0	332	0	338
119.0	0	341	0	353
120.0	0	324	0	298
121.0	0	346	0	314
122.0	0	328	0	349
123.0	0	314	0	310
124.0	0	311	0	299
125.0	0	316	0	278
126.0	0	272	0	282
127.0	0	308	0	327
128.0	0	304	0	304
129.0	0	286	0	280
130.0	0	275	0	288
131.0	0	287	0	291
132.0	0	291	0	275
133.0	0	262	0	231
134.0	0	261	0	279
135.0	0	262	0	232
136.0	0	246	0	243
137.0	0	239	0	235
138.0	0	244	0	240
139.0	0	244	0	235
140.0	0	228	0	234
141.0	0	241	0	262
142.0	0	207	0	221
143.0	0	243	0	216
144.0	0	231	0	205
145.0	0	199	0	201
146.0	0	186	0	194
147.0	0	244	0	227
148.0	0	196	0	215
149.0	0	216	0	208
150.0	0	216	0	214
151.0	0	201	0	184
152.0	0	193	0	209
153.0	0	206	0	198
154.0	0	188	0	186
155.0	0	192	0	207
156.0	0	195	0	183
157.0	0	214	0	208
158.0	0	193	0	170
159.0	0	182	0	167
160.0	0	170	0	168
161.0	0	163	0	170
162.0	0	176	0	142
163.0	0	148	0	170
164.0	0	167	0	178
165.0	0	156	0	188
166.0	0	176	0	147
167.0	0	164	0	142
168.0	0	152	0	172
169.0	0	165	0	164
170.0	0	162	0	155
171.0	0	171	0	138
172.0	0	133	0	148
173.0	0	131	0	140
174.0	0	154	0	130
175.0	0	129	0	152
176.0	0	133	0	139
177.0	0	144	0	144
178.0	0	125	0	132
179.0	0	144	0	122
180.0	0	158	0	141
181.0	0	130	0	147
182.0	0	134	0	130
183.0	0	131	0	123
184.0	0	138	0	113
185.0	0	127	0	135
186.0	0	111	0	131
187.0	0	121	0	113
188.0	0	111	0	109
189.0	0	125	0	119
190.0	0	116	0	106
191.0	0	109	0	114
192.0	0	135	0	112
193.0	0	98	0	115
194.0	0	100	0	107
195.0	0	105	0	99
196.0	0	100	0	102
197.0	0	114	0	90
198.0	0	99	0	114
199.0	0	100	0	91
200.0	0	96	0	103
201.0	0	98	0	108
202.0	0	96	0	97
203.0	0	110	0	99
204.0	0	96	0	95
205.0	0	102	0	110
206.0	0	95	0	104
207.0	0	98	0	113
208.0	0	109	0	92
209.0	0	113	0	90
210.0	0	89	0	91
211.0	0	88	0	87
212.0	0	100	0	87
213.0	0	85	0	89
214.0	0	88	0	98
215.0	0	80	0	91
216.0	0	90	0	98
217.0	0	96	0	86
218.0	0	106	0	80
219.0	0	79	0	89
220.0	0	86	0	89
221.0	0	82	0	79
222.0	0	88	0	74
223.0	0	86	0	76
224.0	0	73	0	85
225.0	0	73	0	81
226.0	0	87	0	91
227.0	0	75	0	88
228.0	0	86	0	84
229.0	0	85	0	73
230.0	0	85	0	67
231.0	0	78	0	72
232.0	0	81	0	60
233.0	0	68	0	69
234.0	0	72	0	71
235.0	0	71	0	90
236.0	0	70	0	48
237.0	0	58	0	60
238.0	0	70	0	62
239.0	0	70	0	78
240.0	0	60	0	55
241.0	0	61	0	61
242.0	0	58	0	76
243.0	0	69	0	68
244.0	0	48	0	76
245.0	0	83	0	77
246.0	0	68	0	63
247.0	0	68	0	61
248.0	0	67	0	51
249.0	0	64	0	74
250.0	0	61	0	56
251.0	0	62	0	55
252.0	0	62	0	77
253.0	0	66	0	68
254.0	0	64	0	57
255.0	0	61	0	60
256.0	0	60	0	62
257.0	0	64	0	63
258.0	0	71	0	61
259.0	0	56	0	62
260.0	0	60	0	62
261.0	0	63	0	56
262.0	0	58	0	56
263.0	0	62	0	57
264.0	0	50	0	56
265.0	0	53	0	67
266.0	0	63	0	46
267.0	0	60	0	61
268.0	0	43	0	52
269.0	0	66	0	52
270.0	0	59	0	46
271.0	0	43	0	46
272.0	0	56	0	36
273.0	0	47	0	47
274.0	0	38	0	52
275.0	0	38	0	56
276.0	0	46	0	51
277.0	0	54	0	41
278.0	0	61	0	49
279.0	0	47	0	45
280.0	0	49	0	42
281.0	0	44	0	49
282.0	0	45	0	33
283.0	0	37	0	47
284.0	0	43	0	34
285.0	0	48	0	41
286.0	0	40	0	44
287.0	0	38	0	42
288.0	0	36	0	50
289.0	0	50	0	41
290.0	0	44	0	38
291.0	0	38	0	48
292.0	0	49	0	46
293.0	0	42	0	43
294.0	0	48	0	40
295.0	0	38	0	50
296.0	0	41	0	41
297.0	0	38	0	28
298.0	0	45	0	45
299.0	0	39	0	37
300.0	0	31	0	34
301.0	0	38	0	39
302.0	0	35	0	45
303.0	0	48	0	34
304.0	0	45	0	33
305.0	0	30	0	30
306.0	0	39	0	34
307.0	0	38	0	34
308.0	0	30	0	37
309.0	0	27	0	39
310.0	0	42	0	39
311.0	0	35	0	33
312.0	0	38	0	42
313.0	0	39	0	41
314.0	0	38	0	43
315.0	0	41	0	35
316.0	0	33	0	29
317.0	0	41	0	33
318.0	0	41	0	37
319.0	0	38	0	32
320.0	0	34	0	30
321.0	0	21	0	32
322.0	0	30	0	46
323.0	0	34	0	37
324.0	0	28	0	38
325.0	0	36	0	32
326.0	0	39	0	27
327.0	0	36	0	38
328.0	0	32	0	39
329.0	0	44	0	35
330.0	0	26	0	41
331.0	0	32	0	28
332.0	0	36	0	35
333.0	0	38	0	18
334.0	0	35	0	17
335.0	0	30	0	25
336.0	0	29	0	35
337.0	0	23	0	28
338.0	0	21	0	32
339.0	0	28	0	25
340.0	0	30	0	28
341.0	0	22	0	30
342.0	0	24	0	28
343.0	0	38	0	34
344.0	0	24	0	33
345.0	0	33	0	29
346.0	0	28	0	30
347.0	0	32	0	42
348.0	0	27	0	28
349.0	0	37	0	27
350.0	0	33	0	27
351.0	0	29	0	31
352.0	0	28	0	24
353.0	0	36	0	22
354.0	0	29	0	30
355.0	0	19	0	29
356.0	0	28	0	33
357.0	0	31	0	22
358.0	0	24	0	28
359.0	0	32	0	35
360.0	0	28	0	23
361.0	0	22	0	28
362.0	0	35	0	19
363.0	0	31	0	22
364.0	0	22	0	19
365.0	0	24	0	30
366.0	0	16	0	19
367.0	0	29	0	22
368.0	0	24	0	22
369.0	0	20	0	24
370.0	0	20	0	21
371.0	0	27	0	16
372.0	0	19	0	26
373.0	0	29	0	26
374.0	0	22	0	30
375.0	0	11	0	23
376.0	0	23	0	21
377.0	0	27	0	22
378.0	0	28	0	15
379.0	0	20	0	23
380.0	0	20	0	27
381.0	0	29	0	16
382.0	0	20	0	19
383.0	0	18	0	17
384.0	0	20	0	19
385.0	0	20	0	21
386.0	0	11	0	32
387.0	0	23	0	17
388.0	0	13	0	15
389.0	0	20	0	20
390.0	0	26	0	17
391.0	0	23	0	11
392.0	0	14	0	13
393.0	0	16	0	21
394.0	0	19	0	24
395.0	0	20	0	25
396.0	0	22	0	16
397.0	0	17	0	24
398.0	0	13	0	22
399.0	0	19	0	15
400.0	0	28	0	23
401.0	0	26	0	10
402.0	0	16	0	22
403.0	0	17	0	18
404.0	0	20	0	17
405.0	0	16	0	23
406.0	0	24	0	13
407.0	0	15	0	14
408.0	0	11	0	14
409.0	0	18	0	11
410.0	0	19	0	15
411.0	0	23	0	19
412.0	0	12	0	20
413.0	0	13	0	18
414.0	0	22	0	12
415.0	0	12	0	11
416.0	0	13	0	11
417.0	0	20	0	10
418.0	0	12	0	14
419.0	0	10	0	15
420.0	0	10	0	25
421.0	0	20	0	21
422.0	0	6	0	15
423.0	0	10	0	20
424.0	0	23	0	15
425.0	0	17	0	15
426.0	0	18	0	17
427.0	0	21	0	19
428.0	0	11	0	17
429.0	0	16	0	18
430.0	0	20	0	20
431.0	0	19	0	12
432.0	0	12	0	15
433.0	0	15	0	14
434.0	0	16	0	16
435.0	0	14	0	18
436.0	0	13	0	16
437.0	0	18	0	15
438.0	0	14	0	15
439.0	0	19	0	14
440.0	0	24	0	15
441.0	0	19	0	8
442.0	0	13	0	16
443.0	0	11	0	16
444.0	0	13	0	16
445.0	0	11	0	13
446.0	0	14	0	19
447.0	0	20	0	18
448.0	0	13	0	11
449.0	0	15	0	12
450.0	0	17	0	10
451.0	0	18	0	15
452.0	0	10	0	9
453.0	0	13	0	13
454.0	0	12	0	21
455.0	0	9	0	17
456.0	0	12	0	8
457.0	0	18	0	11
458.0	0	15	0	10
459.0	0	20	0	15
460.0	0	16	0	13
461.0	0	13	0	15
462.0	0	8	0	14
463.0	0	9	0	12
464.0	0	13	0	13
465.0	0	17	0	5
466.0	0	13	0	12
467.0	0	20	0	13
468.0	0	5	0	16
469.0	0	3	0	12
470.0	0	8	0	9
471.0	0	12	0	12
472.0	0	15	0	19
473.0	0	16	0	12
474.0	0	15	0	6
475.0	0	13	0	15
476.0	0	11	0	14
477.0	0	14	0	10
478.0	0	5	0	15
479.0	0	10	0	12
480.0	0	17	0	6
481.0	0	14	0	11
482.0	0	14	0	15
483.0	0	9	0	15
484.0	0	11	0	10
485.0	0	6	0	15
486.0	0	13	0	9
487.0	0	13	0	13
488.0	0	10	0	9
489.0	0	16	0	12
490.0	0	15	0	6
491.0	0	7	0	11
492.0	0	10	0	15
493.0	0	15	0	12
494.0	0	13	0	12
495.0	0	10	0	6
496.0	0	10	0	10
497.0	0	9	0	12
498.0	0	16	0	19
499.0	0	10	0	12
500.0	0	9	0	9
501.0	0	7	0	14
502.0	0	14	0	7
503.0	0	11	0	11
504.0	0	12	0	9
505.0	0	12	0	8
506.0	0	14	0	10
507.0	0	10	0	11
508.0	0	10	0	8
509.0	0	11	0	9
510.0	0	10	0	4
511.0	0	5	0	5
512.0	0	4	0	9
513.0	0	7	0	8
514.0	0	5	0	11
515.0	0	14	0	13
516.0	0	9	0	11
517.0	0	9	0	8
518.0	0	10	0	18
519.0	0	9	0	9
520.0	0	12	0	9
521.0	0	8	0	14
522.0	0	15	0	6
523.0	0	8	0	14
524.0	0	6	0	12
525.0	0	10	0	11
526.0	0	14	0	3
527.0	0	11	0	11
528.0	0	8	0	7
529.0	0	8	0	5
530.0	0	7	0	4
531.0	0	11	0	12
532.0	0	16	0	10
533.0	0	7	0	4
534.0	0	12	0	9
535.0	0	11	0	2
536.0	0	4	0	8
537.0	0	6	0	3
538.0	0	7	0	10
539.0	0	8	0	9
540.0	0	9	0	7
541.0	0	2	0	13
542.0	0	5	0	8
543.0	0	10	0	7
544.0	0	12	0	6
545.0	0	5	0	4
546.0	0	4	0	9
547.0	0	10	0	9
548.0	0	9	0	8
549.0	0	7	0	9
550.0	0	4	0	9
551.0	0	6	0	9
552.0	0	10	0	7
553.0	0	9	0	9
554.0	0	6	0	7
555.0	0	11	0	6
556.0	0	5	0	6
557.0	0	8	0	8
558.0	0	6	0	6
559.0	0	5	0	6
560.0	0	10	0	8
561.0	0	12	0	6
562.0	0	3	0	7
563.0	0	9	0	4
564.0	0	8	0	12
565.0	0	5	0	7
566.0	0	6	0	7
567.0	0	8	0	10
568.0	0	6	0	6
569.0	0	5	0	9
570.0	0	4	0	13
571.0	0	13	0	7
572.0	0	7	0	7
573.0	0	2	0	6
574.0	0	9	0	5
575.0	0	8	0	8
576.0	0	7	0	7
577.0	0	14	0	3
578.0	0	11	0	8
579.0	0	3	0	4
580.0	0	6	0	4
581.0	0	10	0	6
582.0	0	7	0	6
583.0	0	4	0	5
584.0	0	3	0	13
585.0	0	6	0	11
586.0	0	8	0	9
587.0	0	5	0	9
588.0	0	8	0	3
589.0	0	9	0	10
590.0	0	11	0	8
591.0	0	8	0	3
592.0	0	4	0	6
593.0	0	6	0	9
594.0	0	8	0	7
595.0	0	8	0	4
596.0	0	3	0	4
597.0	0	8	0	6
598.0	0	6	0	4
599.0	0	4	0	7
600.0	0	6	0	5
601.0	0	10	0	7
602.0	0	7	0	7
603.0	0	5	0	6
604.0	0	10	0	6
605.0	0	5	0	7
606.0	0	3	0	4
607.0	0	3	0	3
608.0	0	8	0	3
609.0	0	3	0	4
610.0	0	6	0	7
611.0	0	9	0	9
612.0	0	4	0	5
613.0	0	4	0	6
614.0	0	7	0	10
615.0	0	8	0	6
616.0	0	4	0	4
617.0	0	6	0	9
618.0	0	6	0	7
619.0	0	8	0	6
620.0	0	6	0	3
621.0	0	8	0	4
622.0	0	7	0	6
623.0	0	4	0	5
624.0	0	3	0	6
625.0	0	6	0	3
626.0	0	6	0	3
627.0	0	1	0	2
628.0	0	7	0	3
629.0	0	6	0	6
630.0	0	4	0	1
631.0	0	6	0	6
632.0	0	2	0	3
633.0	0	5	0	6
634.0	0	6	0	7
635.0	0	4	0	11
636.0	0	3	0	4
637.0	0	3	0	7
638.0	0	5	0	7
639.0	0	8	0	5
640.0	0	4	0	6
641.0	0	3	0	3
642.0	0	8	0	4
643.0	0	4	0	6
644.0	0	7	0	4
645.0	0	5	0	8
646.0	0	4	0	3
647.0	0	8	0	5
648.0	0	7	0	1
649.0	0	5	0	2
650.0	0	4	0	5
651.0	0	3	0	3
652.0	0	7	0	6
653.0	0	6	0	3
654.0	0	6	0	4
655.0	0	4	0	8
656.0	0	4	0	4
657.0	0	1	0	7
658.0	0	4	0	7
659.0	0	3	0	4
660.0	0	3	0	5
661.0	0	1	0	5
662.0	0	5	0	3
663.0	0	5	0	5
664.0	0	2	0	5
665.0	0	9	0	6
666.0	0	4	0	8
667.0	0	9	0	2
668.0	0	5	0	6
669.0	0	5	0	6
670.0	0	8	0	4
671.0	0	4	0	2
672.0	0	4	0	6
673.0	0	5	0	3
674.0	0	9	0	3
675.0	0	5	0	5
676.0	0	5	0	3
677.0	0	2	0	5
678.0	0	2	0	2
679.0	0	3	0	5
680.0	0	2	0	3
681.0	0	6	0	4
682.0	0	3	0	5
683.0	0	7	0	4
684.0	0	0	0	1
685.0	0	3	0	6
686.0	0	6	0	3
687.0	0	2	0	4
688.0	0	6	0	2
689.0	0	2	0	2
690.0	0	1	0	6
691.0	0	11	0	1
692.0	0	5	0	1
693.0	0	3	0	2
694.0	0	2	0	3
695.0	0	2	0	5
696.0	0	1	0	5
697.0	0	3	0	7
698.0	0	5	0	3
699.0	0	2	0	3
700.0	0	5	0	5
701.0	0	4	0	5
702.0	0	1	0	4
703.0	0	3	0	4
704.0	0	8	0	4
705.0	0	5	0	5
706.0	0	1	0	3
707.0	0	5	0	6
708.0	0	5	0	3
709.0	0	5	0	3
710.0	0	4	0	2
711.0	0	1	0	2
712.0	0	4	0	4
713.0	0	5	0	2
714.0	0	2	0	5
715.0	0	2	0	4
716.0	0	5	0	6
717.0	0	3	0	3
718.0	0	3	0	3
719.0	0	2	0	3
720.0	0	4	0	2
721.0	0	3	0	5
722.0	0	3	0	1
723.0	0	2	0	7
724.0	0	3	0	6
725.0	0	6	0	3
726.0	0	5	0	6
727.0	0	3	0	3
728.0	0	3	0	4
729.0	0	5	0	3
730.0	0	3	0	1
731.0	0	3	0	1
732.0	0	5	0	1
733.0	0	8	0	5
734.0	0	3	0	1
735.0	0	4	0	4
736.0	0	3	0	4
737.0	0	2	0	2
738.0	0	2	0	5
739.0	0	1	0	2
740.0	0	5	0	8
741.0	0	0	0	4
742.0	0	4	0	2
743.0	0	2	0	6
744.0	0	3	0	2
745.0	0	7	0	1
746.0	0	3	0	5
747.0	0	7	0	2
748.0	0	2	0	4
749.0	0	3	0	5
750.0	0	7	0	4
751.0	0	3	0	1
752.0	0	2	0	2
753.0	0	7	0	2
754.0	0	3	0	3
755.0	0	2	0	1
756.0	0	4	0	4
757.0	0	2	0	1
758.0	0	1	0	5
759.0	0	3	0	5
760.0	0	1	0	0
761.0	0	2	0	3
762.0	0	2	0	3
763.0	0	4	0	4
764.0	0	2	0	3
765.0	0	1	0	3
766.0	0	4	0	5
767.0	0	1	0	4
768.0	0	4	0	4
769.0	0	4	0	4
770.0	0	1	0	2
771.0	0	1	0	3
772.0	0	3	0	3
773.0	0	5	0	2
774.0	0	3	0	4
775.0	0	5	0	3
776.0	0	6	0	4
777.0	0	3	0	1
778.0	0	4	0	1
779.0	0	6	0	5
780.0	0	3	0	5
781.0	0	3	0	4
782.0	0	2	0	4
783.0	0	2	0	3
784.0	0	1	0	3
785.0	0	4	0	1
786.0	0	2	0	2
787.0	0	3	0	5
788.0	0	5	0	1
789.0	0	1	0	3
790.0	0	5	0	0
791.0	0	4	0	3
792.0	0	3	0	2
793.0	0	3	0	4
794.0	0	2	0	1
795.0	0	2	0	2
796.0	0	1	0	2
797.0	0	1	0	2
798.0	0	4	0	3
799.0	0	3	0	4
800.0	0	3	0	6
801.0	0	3	0	4
802.0	0	4	0	2
803.0	0	0	0	1
804.0	0	1	0	1
805.0	0	0	0	3
806.0	0	0	0	2
807.0	0	8	0	2
808.0	0	4	0	4
809.0	0	5	0	3
810.0	0	2	0	1
811.0	0	1	0	5
813.0	0	3	0	3
815.0	0	5	0	2
816.0	0	6	0	3
817.0	0	3	0	0
818.0	0	2	0	2
819.0	0	3	0	0
820.0	0	3	0	2
821.0	0	1	0	1
822.0	0	3	0	3
824.0	0	2	0	3
825.0	0	1	0	0
826.0	0	1	0	3
827.0	0	1	0	4
828.0	0	1	0	1
829.0	0	1	0	4
830.0	0	3	0	3
831.0	0	0	0	1
832.0	0	2	0	4
833.0	0	3	0	3
834.0	0	2	0	1
835.0	0	0	0	3
836.0	0	6	0	2
837.0	0	0	0	3
838.0	0	4	0	1
839.0	0	3	0	3
840.0	0	1	0	1
841.0	0	2	0	4
842.0	0	1	0	2
843.0	0	0	0	1
844.0	0	3	0	3
845.0	0	1	0	5
846.0	0	4	0	4
847.0	0	4	0	0
848.0	0	4	0	2
849.0	0	3	0	2
850.0	0	5	0	1
851.0	0	2	0	1
852.0	0	2	0	1
853.0	0	2	0	4
854.0	0	2	0	0
855.0	0	1	0	0
856.0	0	4	0	2
857.0	0	0	0	3
858.0	0	0	0	1
859.0	0	4	0	0
860.0	0	2	0	6
861.0	0	1	0	1
862.0	0	2	0	1
863.0	0	0	0	2
864.0	0	0	0	1
865.0	0	1	0	3
866.0	0	2	0	1
867.0	0	2	0	0
868.0	0	2	0	1
869.0	0	4	0	1
870.0	0	3	0	2
871.0	0	2	0	5
872.0	0	2	0	4
873.0	0	1	0	0
874.0	0	0	0	3
875.0	0	0	0	2
876.0	0	3	0	2
877.0	0	5	0	4
878.0	0	0	0	1
879.0	0	0	0	5
880.0	0	5	0	1
881.0	0	1	0	3
882.0	0	1	0	3
884.0	0	4	0	1
885.0	0	5	0	2
886.0	0	1	0	1
887.0	0	1	0	3
888.0	0	1	0	3
889.0	0	3	0	3
890.0	0	6	0	2
891.0	0	2	0	2
892.0	0	1	0	0
893.0	0	1	0	1
894.0	0	2	0	1
895.0	0	4	0	3
896.0	0	3	0	1
897.0	0	3	0	0
898.0	0	1	0	2
899.0	0	0	0	1
900.0	0	0	0	2
901.0	0	2	0	1
902.0	0	2	0	0
903.0	0	3	0	2
904.0	0	0	0	1
906.0	0	2	0	1
907.0	0	0	0	1
908.0	0	4	0	2
909.0	0	0	0	5
910.0	0	1	0	0
911.0	0	2	0	3
912.0	0	2	0	1
913.0	0	2	0	0
914.0	0	1	0	1
915.0	0	0	0	1
916.0	0	1	0	1
917.0	0	1	0	5
918.0	0	3	0	4
919.0	0	3	0	4
920.0	0	1	0	3
921.0	0	3	0	0
922.0	0	3	0	3
923.0	0	0	0	1
924.0	0	2	0	3
925.0	0	1	0	4
926.0	0	2	0	1
927.0	0	7	0	2
928.0	0	1	0	1
929.0	0	2	0	2
930.0	0	1	0	3
931.0	0	2	0	5
932.0	0	2	0	2
933.0	0	2	0	3
934.0	0	3	0	4
935.0	0	0	0	2
936.0	0	1	0	0
937.0	0	3	0	2
938.0	0	2	0	3
939.0	0	3	0	1
940.0	0	4	0	0
941.0	0	2	0	2
942.0	0	8	0	3
943.0	0	3	0	1
944.0	0	1	0	0
945.0	0	1	0	1
946.0	0	0	0	3
947.0	0	1	0	4
948.0	0	0	0	2
949.0	0	3	0	1
950.0	0	1	0	3
951.0	0	1	0	1
952.0	0	0	0	2
953.0	0	1	0	2
954.0	0	2	0	2
955.0	0	6	0	1
956.0	0	2	0	2
957.0	0	4	0	2
958.0	0	0	0	1
959.0	0	0	0	5
960.0	0	3	0	0
961.0	0	1	0	3
962.0	0	3	0	0
963.0	0	3	0	1
964.0	0	2	0	3
965.0	0	3	0	1
966.0	0	1	0	0
967.0	0	0	0	1
968.0	0	2	0	1
969.0	0	0	0	1
970.0	0	3	0	1
971.0	0	3	0	0
972.0	0	1	0	0
973.0	0	1	0	3
974.0	0	1	0	1
976.0	0	1	0	0
977.0	0	0	0	2
978.0	0	2	0	3
979.0	0	0	0	1
980.0	0	1	0	1
981.0	0	1	0	0
982.0	0	1	0	1
983.0	0	2	0	1
984.0	0	1	0	0
985.0	0	3	0	1
986.0	0	0	0	1
988.0	0	1	0	0
989.0	0	1	0	1
990.0	0	1	0	2
991.0	0	1	0	0
992.0	0	1	0	2
993.0	0	1	0	0
994.0	0	1	0	2
995.0	0	1	0	3
997.0	0	1	0	3
998.0	0	0	0	1
999.0	0	0	0	1
1000.0	0	3	0	1
1001.0	0	2	0	2
1002.0	0	0	0	1
1003.0	0	1	0	4
1004.0	0	1	0	3
1005.0	0	2	0	1
1006.0	0	1	0	1
1007.0	0	2	0	2
1008.0	0	1	0	1
1009.0	0	1	0	0
1010.0	0	4	0	1
1011.0	0	2	0	1
1013.0	0	2	0	0
1014.0	0	2	0	1
1015.0	0	1	0	2
1016.0	0	1	0	1
1017.0	0	1	0	0
1018.0	0	1	0	0
1019.0	0	1	0	1
1020.0	0	2	0	2
1024.0	0	0	0	1
1025.0	0	0	0	1
1026.0	0	1	0	0
1027.0	0	2	0	2
1028.0	0	3	0	1
1029.0	0	0	0	3
1030.0	0	3	0	1
1031.0	0	0	0	1
1033.0	0	1	0	1
1034.0	0	1	0	4
1035.0	0	1	0	2
1036.0	0	1	0	0
1037.0	0	2	0	1
1038.0	0	1	0	2
1040.0	0	1	0	2
1041.0	0	1	0	0
1042.0	0	2	0	0
1043.0	0	1	0	1
1044.0	0	1	0	4
1046.0	0	0	0	3
1047.0	0	1	0	1
1048.0	0	2	0	0
1049.0	0	2	0	2
1050.0	0	0	0	3
1051.0	0	2	0	0
1052.0	0	1	0	3
1053.0	0	3	0	2
1054.0	0	2	0	1
1055.0	0	1	0	0
1056.0	0	2	0	0
1057.0	0	1	0	2
1058.0	0	0	0	4
1059.0	0	0	0	1
1060.0	0	3	0	0
1061.0	0	1	0	2
1062.0	0	3	0	1
1063.0	0	1	0	0
1064.0	0	2	0	1
1065.0	0	1	0	2
1066.0	0	3	0	0
1067.0	0	1	0	2
1068.0	0	0	0	1
1069.0	0	3	0	2
1070.0	0	2	0	1
1071.0	0	2	0	1
1074.0	0	1	0	2
1077.0	0	2	0	3
1078.0	0	0	0	2
1079.0	0	2	0	4
1080.0	0	1	0	1
1081.0	0	1	0	1
1082.0	0	2	0	0
1083.0	0	2	0	3
1084.0	0	0	0	1
1085.0	0	1	0	1
1086.0	0	0	0	1
1087.0	0	2	0	1
1088.0	0	1	0	0
1089.0	0	1	0	0
1091.0	0	0	0	1
1092.0	0	2	0	2
1093.0	0	1	0	0
1094.0	0	2	0	3
1095.0	0	3	0	1
1096.0	0	1	0	2
1097.0	0	3	0	1
1098.0	0	2	0	2
1100.0	0	0	0	1
1101.0	0	1	0	0
1103.0	0	2	0	2
1104.0	0	2	0	0
1105.0	0	2	0	1
1107.0	0	0	0	1
1108.0	0	1	0	1
1109.0	0	1	0	2
1110.0	0	1	0	1
1111.0	0	2	0	0
1112.0	0	1	0	0
1113.0	0	0	0	3
1114.0	0	1	0	1
1116.0	0	1	0	1
1117.0	0	1	0	0
1119.0	0	0	0	1
1120.0	0	2	0	0
1121.0	0	1	0	1
1122.0	0	2	0	0
1123.0	0	1	0	2
1124.0	0	0	0	1
1126.0	0	1	0	1
1127.0	0	0	0	2
1128.0	0	1	0	3
1129.0	0	1	0	1
1130.0	0	1	0	1
1131.0	0	2	0	1
1132.0	0	0	0	1
1133.0	0	1	0	0
1134.0	0	0	0	1
1135.0	0	1	0	1
1136.0	0	4	0	2
1137.0	0	1	0	2
1138.0	0	1	0	2
1139.0	0	0	0	3
1140.0	0	2	0	0
1142.0	0	1	0	3
1144.0	0	0	0	3
1145.0	0	3	0	1
1146.0	0	1	0	2
1147.0	0	1	0	1
1148.0	0	1	0	0
1149.0	0	2	0	0
1150.0	0	0	0	3
1151.0	0	1	0	1
1152.0	0	3	0	0
1153.0	0	1	0	2
1154.0	0	1	0	1
1155.0	0	0	0	1
1156.0	0	1	0	1
1157.0	0	4	0	1
1158.0	0	0	0	1
1159.0	0	3	0	0
1160.0	0	1	0	1
1161.0	0	1	0	2
1162.0	0	1	0	2
1164.0	0	2	0	1
1166.0	0	1	0	1
1168.0	0	1	0	2
1169.0	0	2	0	1
1170.0	0	0	0	1
1171.0	0	1	0	2
1172.0	0	1	0	1
1173.0	0	2	0	0
1174.0	0	2	0	0
1175.0	0	1	0	2
1176.0	0	0	0	2
1177.0	0	0	0	1
1178.0	0	1	0	0
1179.0	0	3	0	0
1181.0	0	2	0	1
1182.0	0	1	0	0
1183.0	0	2	0	1
1185.0	0	2	0	1
1186.0	0	2	0	0
1187.0	0	0	0	1
1189.0	0	0	0	1
1190.0	0	0	0	1
1191.0	0	0	0	2
1192.0	0	0	0	1
1193.0	0	1	0	2
1194.0	0	3	0	2
1196.0	0	1	0	2
1197.0	0	2	0	1
1198.0	0	1	0	1
1200.0	0	1	0	1
1201.0	0	1	0	0
1202.0	0	0	0	2
1203.0	0	1	0	0
1204.0	0	1	0	1
1205.0	0	2	0	0
1208.0	0	1	0	0
1209.0	0	2	0	1
1210.0	0	2	0	0
1211.0	0	1	0	1
1212.0	0	1	0	0
1213.0	0	1	0	1
1215.0	0	0	0	1
1217.0	0	0	0	1
1218.0	0	0	0	1
1220.0	0	1	0	1
1221.0	0	1	0	1
1222.0	0	1	0	1
1223.0	0	1	0	1
1225.0	0	2	0	0
1226.0	0	0	0	1
1229.0	0	1	0	0
1231.0	0	2	0	1
1232.0	0	0	0	1
1233.0	0	0	0	1
1237.0	0	1	0	1
1239.0	0	0	0	3
1240.0	0	0	0	1
1241.0	0	1	0	0
1242.0	0	0	0	2
1244.0	0	1	0	2
1245.0	0	0	0	1
1246.0	0	1	0	0
1247.0	0	1	0	0
1248.0	0	0	0	2
1249.0	0	0	0	1
1250.0	0	2	0	0
1251.0	0	2	0	0
1253.0	0	1	0	0
1254.0	0	1	0	1
1255.0	0	1	0	0
1256.0	0	0	0	2
1257.0	0	0	0	1
1258.0	0	1	0	1
1259.0	0	1	0	2
1260.0	0	2	0	0
1261.0	0	1	0	0
1262.0	0	1	0	0
1265.0	0	1	0	0
1266.0	0	1	0	1
1267.0	0	0	0	1
1268.0	0	2	0	1
1269.0	0	1	0	0
1270.0	0	1	0	1
1274.0	0	1	0	0
1275.0	0	1	0	0
1276.0	0	0	0	1
1277.0	0	0	0	1
1279.0	0	0	0	2
1280.0	0	1	0	0
1283.0	0	0	0	1
1284.0	0	1	0	1
1285.0	0	2	0	1
1286.0	0	0	0	2
1287.0	0	0	0	1
1288.0	0	0	0	1
1289.0	0	0	0	3
1291.0	0	0	0	1
1292.0	0	1	0	0
1293.0	0	2	0	2
1294.0	0	1	0	0
1295.0	0	2	0	1
1296.0	0	1	0	0
1298.0	0	1	0	0
1299.0	0	1	0	3
1300.0	0	2	0	0
1301.0	0	0	0	1
1302.0	0	1	0	1
1303.0	0	1	0	0
1304.0	0	1	0	0
1305.0	0	2	0	0
1306.0	0	1	0	0
1307.0	0	0	0	1
1310.0	0	1	0	1
1311.0	0	2	0	1
1312.0	0	0	0	1
1313.0	0	0	0	4
1314.0	0	1	0	0
1315.0	0	1	0	0
1316.0	0	1	0	1
1318.0	0	0	0	1
1320.0	0	0	0	1
1321.0	0	1	0	0
1322.0	0	1	0	0
1325.0	0	1	0	0
1327.0	0	3	0	0
1328.0	0	1	0	0
1330.0	0	0	0	1
1331.0	0	1	0	0
1334.0	0	2	0	2
1335.0	0	1	0	1
1336.0	0	0	0	1
1338.0	0	0	0	1
1339.0	0	0	0	2
1342.0	0	1	0	2
1347.0	0	1	0	0
1349.0	0	1	0	0
1352.0	0	1	0	0
1353.0	0	3	0	0
1354.0	0	1	0	1
1357.0	0	1	0	1
1358.0	0	0	0	1
1359.0	0	1	0	1
1365.0	0	0	0	2
1366.0	0	1	0	1
1367.0	0	0	0	1
1369.0	0	1	0	0
1370.0	0	1	0	0
1372.0	0	0	0	2
1374.0	0	1	0	0
1377.0	0	0	0	1
1379.0	0	1	0	0
1381.0	0	1	0	2
1384.0	0	1	0	0
1387.0	0	1	0	1
1389.0	0	0	0	1
1390.0	0	1	0	0
1391.0	0	1	0	2
1393.0	0	0	0	1
1398.0	0	1	0	0
1399.0	0	1	0	0
1401.0	0	2	0	0
1402.0	0	1	0	1
1404.0	0	1	0	0
1406.0	0	1	0	0
1408.0	0	0	0	1
1409.0	0	1	0	0
1410.0	0	0	0	1
1414.0	0	0	0	2
1415.0	0	0	0	1
1417.0	0	0	0	1
1420.0	0	3	0	0
1421.0	0	0	0	2
1424.0	0	0	0	1
1427.0	0	0	0	1
1428.0	0	2	0	0
1433.0	0	2	0	0
1434.0	0	1	0	0
1435.0	0	1	0	3
1436.0	0	1	0	0
1437.0	0	0	0	1
1440.0	0	1	0	0
1441.0	0	0	0	1
1445.0	0	0	0	2
1446.0	0	0	0	1
1447.0	0	1	0	0
1448.0	0	1	0	3
1449.0	0	0	0	1
1451.0	0	1	0	1
1452.0	0	1	0	0
1454.0	0	1	0	0
1458.0	0	1	0	0
1459.0	0	2	0	0
1461.0	0	0	0	1
1462.0	0	0	0	1
1463.0	0	2	0	2
1464.0	0	1	0	2
1466.0	0	1	0	0
1467.0	0	0	0	2
1471.0	0	1	0	0
1472.0	0	0	0	2
1474.0	0	1	0	0
1475.0	0	2	0	2
1476.0	0	0	0	1
1478.0	0	1	0	0
1479.0	0	1	0	0
1481.0	0	1	0	0
1483.0	0	2	0	0
1484.0	0	1	0	0
1486.0	0	0	0	2
1488.0	0	1	0	0
1489.0	0	2	0	0
1491.0	0	1	0	0
1497.0	0	1	0	0
1499.0	0	0	0	1
1502.0	0	0	0	1
1504.0	0	1	0	0
1508.0	0	0	0	1
1514.0	0	0	0	3
1516.0	0	1	0	0
1517.0	0	1	0	0
1519.0	0	0	0	1
1521.0	0	1	0	0
1524.0	0	1	0	0
1526.0	0	1	0	0
1527.0	0	0	0	1
1530.0	0	1	0	2
1533.0	0	1	0	0
1537.0	0	1	0	0
1538.0	0	0	0	1
1539.0	0	0	0	1
1541.0	0	0	0	1
1545.0	0	1	0	0
1548.0	0	0	0	2
1550.0	0	1	0	0
1552.0	0	0	0	1
1555.0	0	1	0	0
1556.0	0	0	0	1
1557.0	0	0	0	1
1558.0	0	1	0	0
1562.0	0	1	0	0
1565.0	0	2	0	0
1566.0	0	1	0	0
1571.0	0	0	0	1
1572.0	0	1	0	0
1579.0	0	0	0	1
1585.0	0	0	0	1
1586.0	0	1	0	0
1588.0	0	1	0	0
1595.0	0	0	0	1
1597.0	0	1	0	1
1599.0	0	0	0	1
1608.0	0	1	0	1
1612.0	0	1	0	0
1613.0	0	0	0	1
1615.0	0	0	0	1
1617.0	0	1	0	1
1618.0	0	1	0	0
1622.0	0	1	0	1
1624.0	0	0	0	1
1627.0	0	1	0	0
1631.0	0	0	0	1
1636.0	0	2	0	0
1641.0	0	2	0	0
1643.0	0	0	0	1
1648.0	0	1	0	0
1649.0	0	0	0	2
1655.0	0	0	0	1
1656.0	0	0	0	1
1661.0	0	2	0	0
1667.0	0	0	0	1
1671.0	0	0	0	1
1672.0	0	1	0	0
1673.0	0	1	0	1
1674.0	0	1	0	0
1680.0	0	0	0	1
1682.0	0	0	0	1
1686.0	0	0	0	1
1689.0	0	2	0	1
1691.0	0	1	0	0
1697.0	0	2	0	1
1701.0	0	0	0	1
1708.0	0	0	0	1
1710.0	0	1	0	0
1712.0	0	0	0	1
1715.0	0	0	0	1
1716.0	0	2	0	0
1719.0	0	1	0	0
1720.0	0	0	0	1
1730.0	0	1	0	1
1731.0	0	1	0	1
1732.0	0	1	0	1
1739.0	0	0	0	1
1740.0	0	1	0	0
1741.0	0	0	0	1
1745.0	0	0	0	1
1747.0	0	1	0	1
1752.0	0	0	0	1
1754.0	0	1	0	0
1756.0	0	1	0	1
1758.0	0	1	0	0
1762.0	0	2	0	0
1770.0	0	1	0	0
1771.0	0	1	0	0
1774.0	0	1	0	0
1775.0	0	0	0	1
1780.0	0	0	0	1
1782.0	0	0	0	1
1789.0	0	0	0	1
1793.0	0	0	0	1
1796.0	0	1	0	0
1798.0	0	1	0	0
1800.0	0	1	0	0
1801.0	0	0	0	1
1802.0	0	0	0	1
1804.0	0	1	0	0
1808.0	0	0	0	1
1818.0	0	1	0	0
1821.0	0	0	0	1
1826.0	0	1	0	0
1828.0	0	1	0	0
1829.0	0	1	0	1
1830.0	0	0	0	1
1834.0	0	0	0	1
1844.0	0	1	0	0
1845.0	0	1	0	0
1849.0	0	1	0	0
1850.0	0	1	0	0
1855.0	0	0	0	1
1864.0	0	0	0	1
1873.0	0	0	0	1
1878.0	0	1	0	0
1887.0	0	1	0	0
1888.0	0	1	0	0
1896.0	0	0	0	1
1908.0	0	0	0	1
1911.0	0	0	0	1
1915.0	0	0	0	1
1916.0	0	1	0	1
1922.0	0	0	0	1
1929.0	0	1	0	0
1930.0	0	1	0	0
1931.0	0	1	0	0
1933.0	0	0	0	1
1934.0	0	1	0	0
1945.0	0	1	0	0
1950.0	0	1	0	0
1952.0	0	0	0	1
1958.0	0	0	0	1
1959.0	0	0	0	2
1967.0	0	0	0	1
1968.0	0	0	0	1
1969.0	0	0	0	1
1971.0	0	1	0	0
1973.0	0	0	0	1
1974.0	0	1	0	1
1977.0	0	0	0	1
1979.0	0	1	0	0
1981.0	0	1	0	1
1983.0	0	1	0	0
1987.0	0	1	0	0
1988.0	0	1	0	0
1996.0	0	1	0	0
1997.0	0	0	0	1
2001.0	0	1	0	0
2004.0	0	1	0	1
2006.0	0	0	0	1
2007.0	0	1	0	0
2011.0	0	0	0	1
2018.0	0	0	0	1
2019.0	0	0	0	1
2022.0	0	1	0	0
2027.0	0	1	0	0
2035.0	0	1	0	0
2036.0	0	2	0	0
2040.0	0	1	0	0
2050.0	0	0	0	1
2054.0	0	0	0	1
2070.0	0	1	0	0
2075.0	0	1	0	0
2085.0	0	0	0	1
2110.0	0	1	0	0
2136.0	0	0	0	1
2153.0	0	0	0	1
2159.0	0	1	0	0
2162.0	0	0	0	1
2165.0	0	0	0	1
2169.0	0	0	0	1
2175.0	0	1	0	0
2177.0	0	1	0	0
2185.0	0	2	0	0
2197.0	0	0	0	1
2209.0	0	0	0	1
2214.0	0	1	0	0
2215.0	0	0	0	1
2239.0	0	1	0	1
2241.0	0	0	0	1
2242.0	0	1	0	0
2262.0	0	1	0	0
2265.0	0	1	0	0
2277.0	0	0	0	1
2280.0	0	0	0	1
2291.0	0	1	0	0
2303.0	0	1	0	0
2306.0	0	0	0	1
2329.0	0	0	0	1
2330.0	0	0	0	1
2331.0	0	0	0	1
2334.0	0	1	0	0
2352.0	0	1	0	0
2356.0	0	1	0	1
2364.0	0	1	0	0
2382.0	0	1	0	0
2413.0	0	0	0	1
2422.0	0	0	0	1
2434.0	0	0	0	1
2435.0	0	1	0	0
2436.0	0	1	0	0
2438.0	0	0	0	2
2439.0	0	0	0	1
2450.0	0	0	0	1
2461.0	0	1	0	0
2466.0	0	1	0	0
2469.0	0	1	0	0
2471.0	0	1	0	1
2480.0	0	1	0	0
2496.0	0	1	0	0
2522.0	0	0	0	1
2547.0	0	1	0	0
2597.0	0	0	0	1
2616.0	0	1	0	0
2660.0	0	0	0	1
2695.0	0	1	0	0
2945.0	0	0	0	1
2976.0	0	1	0	0
2993.0	0	0	0	1
3019.0	0	1	0	0
3080.0	0	0	0	1
3115.0	0	1	0	0
3129.0	0	0	0	1
3170.0	0	1	0	0
3263.0	0	0	0	1
3299.0	0	1	0	0
3395.0	0	0	0	1
3428.0	0	0	0	1
3429.0	0	1	0	0
3465.0	0	1	0	0
3738.0	0	0	0	1
3778.0	0	0	0	1
3793.0	0	0	0	1
3804.0	0	1	0	0
3808.0	0	1	0	0
3841.0	0	1	0	0
4006.0	0	0	0	1
4039.0	0	1	0	0
4245.0	0	0	0	1
4286.0	0	1	0	0
4972.0	0	0	0	1
5008.0	0	1	0	0

