chr18_KI270863v1_alt	167999	8424	0
chr1_GL383519v1_alt	110268	10810	0
chrUn_KI270388v1	1216	8	0
chr18_GL383572v1_alt	159547	4265	0
chr19_KI270882v1_alt	248807	52	0
chr22_KI270731v1_random	150754	8878	0
chrUn_KI270442v1	392061	8020	0
chr3_KI270895v1_alt	162896	14839	0
chr5_GL339449v2_alt	1612928	43482	0
chrY	57227415	370640	0
chr17_GL000205v2_random	185591	27804	0
chrUn_GL000195v1	182896	31590	0
chr12_KI270834v1_alt	119498	1812	0
chr17_GL383566v1_alt	90219	2024	0
chr6_GL000254v2_alt	4827813	188063	0
chr17_GL383564v2_alt	133151	4046	0
chrUn_KI270320v1	4416	172	0
chr1_KI270714v1_random	41717	1150	0
chr4_GL000257v2_alt	586476	7741	0
chrUn_KI270753v1	62944	1144	0
chr19_KI270922v1_alt	187935	162	0
chr9_GL383539v1_alt	162988	1458	0
chrUn_KI270393v1	1308	10	0
chr5_GL949742v1_alt	226852	1598	0
chr16_KI270854v1_alt	134193	5193	0
chrUn_KI270516v1	1300	16	0
chr13_KI270839v1_alt	180306	1452	0
chr21_GL383580v2_alt	74653	2746	0
chr18_KI270912v1_alt	174061	1578	0
chrUn_KI270743v1	210658	6856	0
chrUn_KI270391v1	1484	6	0
chr19_KI270917v1_alt	190932	162	0
chrUn_KI270528v1	2983	6	0
chrUn_KI270757v1	71251	1014	0
chr8_KI270819v1_alt	133535	3976	0
chr18_KI270864v1_alt	111737	816	0
chr15_KI270905v1_alt	5161414	94967	0
chr9_KI270717v1_random	40062	1904	0
chrUn_KI270746v1	66486	878	0
chr19_KI270891v1_alt	170680	0	0
chr8_KI270812v1_alt	282736	2346	0
chrUn_KI270425v1	1884	12	0
chrUn_KI270544v1	1202	18	0
chr5_GL383532v1_alt	82728	586	0
chrUn_GL000216v2	176608	24572	0
chrUn_KI270303v1	1942	24	0
chr17_JH159147v1_alt	70345	560	0
chr21	46709983	2708636	0
chr5	181538259	3928614	0
chr2_KI270774v1_alt	223625	1718	0
chrX_KI270880v1_alt	284869	5798	0
chr1_KI270712v1_random	176043	6512	0
chr19_GL000209v2_alt	177381	66	0
chrUn_KI270330v1	1652	446	0
chrUn_KI270581v1	7046	92	0
chr1_KI270763v1_alt	911658	22986	0
chr19_GL949749v2_alt	1091841	30078	0
chr3	198295559	3958554	0
chr12_KI270833v1_alt	76061	446	0
chr4_GL000008v2_random	209709	6166	0
chrUn_KI270588v1	6158	78	0
chr5_KI270794v1_alt	164558	1496	0
chr12_GL383552v1_alt	138655	1002	0
chr1_KI270762v1_alt	354444	22462	0
chr7_KI270803v1_alt	1111570	38941	0
chr14_KI270725v1_random	172810	3006	0
chr2	242193529	4945216	0
chrUn_KI270362v1	3530	22	0
chr3_KI270777v1_alt	173649	2342	0
chrUn_KI270396v1	1880	10	0
chr19_KI270919v1_alt	170701	10	0
chrUn_KI270394v1	970	2	0
chr21_KI270873v1_alt	143900	3880	0
chr9_KI270718v1_random	38054	4876	0
chr3_KI270924v1_alt	166540	14629	0
chr14_KI270847v1_alt	1511111	42506	0
chr4_GL383527v1_alt	164536	2066	0
chr5_GL383530v1_alt	101241	852	0
chr5_KI270793v1_alt	126136	2760	0
chr1_KI270766v1_alt	256271	3728	0
chr6_KI270797v1_alt	197536	4568	0
chr18_GL383567v1_alt	289831	4362	0
chrUn_KI270752v1	27745	0	0
chr17_KI270907v1_alt	137721	1782	0
chrX_KI270913v1_alt	274009	4176	0
chr3_KI270781v1_alt	113034	1470	0
chrUn_GL000214v1	137718	17484	0
chr4_GL383528v1_alt	376187	2632	0
chrUn_KI270375v1	2378	10	0
chr3_KI270779v1_alt	205312	16749	0
chr5_KI270897v1_alt	1144418	33410	0
chr5_KI270791v1_alt	195710	5378	0
chr5_GL383531v1_alt	173459	1640	0
chrUn_GL000213v1	164239	1698	0
chr19_GL949750v2_alt	1066390	30070	0
chr5_KI270898v1_alt	130957	3128	0
chrUn_KI270467v1	3920	30414	0
chrUn_KI270310v1	1201	34	0
chr14_KI270846v1_alt	1351393	40462	0
chrUn_KI270747v1	198735	2814	0
chr11_KI270721v1_random	100316	2992	0
chr13_KI270842v1_alt	37287	756	0
chr14_KI270724v1_random	39555	908	0
chr8_KI270817v1_alt	158983	5310	0
chrUn_KI270395v1	1143	44	0
chr1_KI270892v1_alt	162212	2746	0
chr13_KI270838v1_alt	306913	3224	0
chr22_KI270877v1_alt	101331	3742	0
chrUn_KI270338v1	1428	44	0
chr17_KI270857v1_alt	2877074	96944	0
chr15_KI270848v1_alt	327382	5244	0
chr5_KI270796v1_alt	172708	1290	0
chrUn_KI270336v1	1026	5612	0
chr8_KI270810v1_alt	374415	7622	0
chrUn_KI270417v1	2043	4	0
chr19_KI270938v1_alt	1066800	42541	0
chr22_KI270734v1_random	165050	11666	0
chr8_KI270818v1_alt	145606	3680	0
chr12_GL877876v1_alt	408271	5220	0
chr6	170805979	3564254	0
chrUn_KI270590v1	4685	120	0
chrUn_KI270529v1	1899	4	0
chr19_KI270931v1_alt	170148	2	0
chrUn_KI270538v1	91309	1038	0
chrUn_KI270311v1	12399	80	0
chr11_KI270827v1_alt	67707	822	0
chr2_KI270893v1_alt	161218	4082	0
chr1_KI270710v1_random	40176	714	0
chrUn_KI270412v1	1179	8	0
chrUn_KI270389v1	1298	12	0
chr16	90338345	2179040	0
chrUn_KI270591v1	5796	108	0
chr21_GL383578v2_alt	63917	674	0
chr10_KI270825v1_alt	188315	4998	0
chr22_KI270737v1_random	103838	1348	0
chrUn_GL000220v1	161802	901066	0
chrUn_KI270316v1	1444	8	0
chrUn_KI270748v1	93321	4558	0
chrUn_KI270304v1	2165	34	0
chrUn_KI270548v1	1599	6	0
chr6_KI270801v1_alt	870480	26987	0
chr1_KI270707v1_random	32032	568	0
chrUn_KI270744v1	168472	12462	0
chr22_KI270928v1_alt	176103	7760	0
chr18_GL383571v1_alt	198278	3754	0
chr1_GL383518v1_alt	182439	6494	0
chr16_KI270728v1_random	1872759	17194	0
chr10_GL383545v1_alt	179254	2840	0
chrUn_KI270580v1	1553	16	0
chr3_KI270778v1_alt	248252	2136	0
chr19_KI270930v1_alt	200773	30	0
chrUn_KI270422v1	1445	12	0
chr2_GL383521v1_alt	143390	4152	0
chr8_KI270816v1_alt	305841	18393	0
chr19_KI270932v1_alt	215732	32	0
chrUn_KI270329v1	1040	14	0
chr7_KI270899v1_alt	190869	6124	0
chrUn_KI270312v1	998	4	0
chr12_KI270835v1_alt	238139	6066	0
chr1_GL383520v2_alt	366580	19210	0
chrUn_GL000226v1	15008	446	0
chrUn_KI270435v1	92983	932	0
chr2_KI270894v1_alt	214158	6518	0
chr14_KI270845v1_alt	180703	1988	0
chrUn_KI270522v1	5674	24	0
chr22_KB663609v1_alt	74013	6254	0
chr1_KI270711v1_random	42210	1724	0
chrUn_KI270305v1	1472	22	0
chr7_KI270807v1_alt	126434	1070	0
chr6_GL000256v2_alt	4929269	193980	0
chr8_KI270900v1_alt	318687	4270	0
chr20	64444167	1294185	0
chr12_GL877875v1_alt	167313	10268	0
chrUn_KI270392v1	971	8	0
chr2_KI270776v1_alt	174166	7840	0
chr5_KI270792v1_alt	179043	4178	0
chr6_KI270798v1_alt	271782	6278	0
chrUn_KI270376v1	1136	2	0
chrUn_KI270378v1	1048	0	0
chr11_KI270826v1_alt	186169	1796	0
chr8_KI270820v1_alt	36640	278	0
chrUn_KI270383v1	1750	14	0
chr11_JH159137v1_alt	191409	1342	0
chr17_KI270729v1_random	280839	7100	0
chr14_KI270723v1_random	38115	926	0
chr9_GL383540v1_alt	71551	1158	0
chrUn_KI270385v1	990	0	0
chr11_KI270832v1_alt	210133	16002	0
chr13_KI270841v1_alt	169134	1392	0
chrUn_KI270466v1	1233	5320	0
chrUn_KI270379v1	1045	18	0
chr7_KI270806v1_alt	158166	1784	0
chr2_KI270769v1_alt	120616	1440	0
chr17_KI270730v1_random	112551	2044	0
chrUn_KI270366v1	8320	98	0
chr15	101991189	1825100	0
chrUn_KI270374v1	2656	26	0
chr12	133275309	2929214	0
chr15_KI270852v1_alt	478999	6398	0
chr11_KI270830v1_alt	177092	6280	0
chr16_KI270856v1_alt	63982	1352	0
chrUn_KI270517v1	3253	42	0
chr1_KI270760v1_alt	109528	1268	0
chr19_KI270889v1_alt	170698	10	0
chr19_GL949753v2_alt	796479	32886	0
chrUn_KI270515v1	6361	114	0
chrUn_KI270381v1	1930	12	0
chr19_KI270916v1_alt	184516	40	0
chr3_KI270780v1_alt	224108	5532	0
chrUn_KI270364v1	2855	12	0
chr21_GL383581v2_alt	116689	4884	0
chr6_GL383533v1_alt	124736	872	0
chr17_KI270909v1_alt	325800	24062	0
chr20_KI270871v1_alt	58661	1138	0
chr8_KI270814v1_alt	141812	1798	0
chr3_KI270782v1_alt	162429	5642	0
chrUn_KI270414v1	2489	34	0
chr21_KI270874v1_alt	166743	1424	0
chrUn_KI270539v1	993	20	0
chr14_KI270726v1_random	43739	450	0
chrUn_KI270530v1	2168	14	0
chr8_KI270901v1_alt	136959	1064	0
chr3_KI270937v1_alt	165607	14935	0
chrUn_KI270337v1	1121	12512	0
chr17_GL383563v3_alt	375691	6614	0
chrM	16569	40871822	0
chr15_KI270850v1_alt	430880	43245	0
chr19_KI270921v1_alt	282224	224	0
chr19_GL949747v2_alt	729520	32350	0
chrUn_KI270371v1	2805	28	0
chr14_GL000225v1_random	211173	78771	0
chr15_KI270727v1_random	448248	6034	0
chr17_JH159148v1_alt	88070	584	0
chr22_KI270735v1_random	42811	914	0
chrUn_KI270448v1	7992	84	0
chr2_GL582966v2_alt	96131	1224	0
chr6_KI270802v1_alt	75005	1168	0
chr4_KI270787v1_alt	111943	944	0
chr2_KI270771v1_alt	110395	838	0
chr15_GL383554v1_alt	296527	9406	0
chr1	248956422	10907074	0
chr7_KI270804v1_alt	157952	4240	0
chr4	190214555	2863998	0
chr21_KI270872v1_alt	82692	5262	0
chr11_KI270927v1_alt	218612	3220	0
chr2_KI270772v1_alt	133041	4542	0
chr8_KI270811v1_alt	292436	4136	0
chr2_KI270716v1_random	153799	712	0
chr18_GL383570v1_alt	164789	1222	0
chr16_GL383556v1_alt	192462	2512	0
chr22_KI270878v1_alt	186262	3038	0
chrUn_KI270317v1	37690	32	0
chr6_KI270800v1_alt	175808	1138	0
chr12_KI270837v1_alt	40090	244	0
chr9_KI270719v1_random	176845	5055	0
chr14_GL000194v1_random	191469	7674	0
chr6_KB021644v2_alt	185823	1981	0
chr22_KI270739v1_random	73985	318	0
chrUn_KI270751v1	150742	4896	0
chrUn_KI270584v1	4513	64	0
chrUn_KI270340v1	1428	64	0
chr3_GL000221v1_random	155397	6136	0
chr12_GL383549v1_alt	120804	1426	0
chr2_KI270775v1_alt	138019	868	0
chr11_KI270902v1_alt	106711	1852	0
chr9	138394717	2710147	0
chr17_KI270859v1_alt	108763	882	0
chr4_KI270925v1_alt	555799	6844	0
chr6_GL000250v2_alt	4672374	103467	0
chr22_GL383582v2_alt	162811	7402	0
chr1_KI270765v1_alt	185285	23350	0
chrUn_KI270384v1	1658	14	0
chr22_GL383583v2_alt	96924	1900	0
chr21_GL383579v2_alt	201197	1332	0
chrUn_KI270429v1	1361	10	0
chr17_KI270858v1_alt	235827	1646	0
chr6_KI270758v1_alt	76752	1324	0
chr19_GL949751v2_alt	1002683	30078	0
chr2_KI270715v1_random	161471	1012	0
chrUn_KI270372v1	1650	16	0
chr19_GL383575v2_alt	170222	1752	0
chr18	80373285	1183001	0
chrUn_KI270519v1	138126	1632	0
chr17_KI270861v1_alt	196688	15106	0
chr6_GL000251v2_alt	4795265	219892	0
chr6_GL000255v2_alt	4606388	219444	0
chr1_KI270708v1_random	127682	1498	0
chr10_KI270824v1_alt	181496	2340	0
chrUn_KI270518v1	2186	44	0
chr16_GL383557v1_alt	89672	2596	0
chr2_KI270768v1_alt	110099	1754	0
chr13_KI270843v1_alt	103832	744	0
chr7_KI270809v1_alt	209586	6876	0
chrUn_KI270438v1	112505	19942	0
chr3_KI270936v1_alt	164170	14765	0
chr20_GL383577v2_alt	128386	1446	0
chrUn_KI270510v1	2415	24	0
chr19_KI270885v1_alt	171027	8	0
chr19_KI270886v1_alt	204239	50	0
chr19_KI270865v1_alt	52969	3103	0
chr22_KI270736v1_random	181920	5050	0
chrUn_KI270509v1	2318	40	0
chrX_KI270881v1_alt	144206	606	0
chr19_KI270933v1_alt	170537	56	0
chrUn_KI270507v1	5353	84	0
chr12_GL383550v2_alt	169178	4258	0
chr5_GL000208v1_random	92689	1068	0
chrUn_KI270419v1	1029	4	0
chr2_KI270767v1_alt	161578	4018	0
chrUn_KI270754v1	40191	2864	0
chr15_KI270906v1_alt	196384	4316	0
chrUn_KI270335v1	1048	16	0
chrUn_KI270508v1	1951	38	0
chrUn_KI270334v1	1368	34	0
chr10	133797422	2764329	0
chr6_KI270799v1_alt	152148	1106	0
chr10_GL383546v1_alt	309802	4434	0
chr15_KI270849v1_alt	244917	16580	0
chrUn_KI270315v1	2276	22	0
chr16_KI270855v1_alt	232857	20208	0
chrUn_KI270423v1	981	4	0
chr22_KI270879v1_alt	304135	18464	0
chr7_KI270808v1_alt	271455	2616	0
chrUn_KI270742v1	186739	7970	0
chr1_KI270713v1_random	40745	14832	0
chr2_KI270770v1_alt	136240	1238	0
chr14_KI270844v1_alt	322166	3290	0
chr22	50818468	1080372	0
chr4_KI270785v1_alt	119912	902	0
chr14	107043718	1982383	0
chrUn_KI270511v1	8127	50	0
chr8_KI270926v1_alt	229282	5124	0
chrUn_KI270593v1	3041	42	0
chr7_GL383534v2_alt	119183	4256	0
chrUn_KI270579v1	31033	304	0
chr1_KI270764v1_alt	50258	478	0
chrUn_KI270468v1	4055	30	0
chrUn_KI270583v1	1400	34	0
chr19_KI270915v1_alt	170665	2	0
chr19_KI270868v1_alt	61734	2806	0
chr9_KI270720v1_random	39050	516	0
chrX	156040895	1568593	0
chrUn_KI270373v1	1451	4	0
chr3_JH636055v2_alt	173151	3276	0
chr19_KI270884v1_alt	157053	78	0
chrUn_KI270755v1	36723	252	0
chr4_KI270789v1_alt	205944	1336	0
chr1_KI270709v1_random	66860	2570	0
chr19_GL949746v1_alt	987716	40481	0
chr9_GL383541v1_alt	171286	1956	0
chrUn_KI270521v1	7642	68	0
chr4_KI270786v1_alt	244096	1992	0
chr19_KI270914v1_alt	205194	24	0
chr12_GL383553v2_alt	152874	1378	0
chr17_KI270908v1_alt	1423190	47794	0
chr7_KI270805v1_alt	209988	2380	0
chrUn_KI270756v1	79590	932	0
chrUn_KI270589v1	44474	556	0
chr6_GL000253v2_alt	4677643	173396	0
chrUn_KI270411v1	2646	156	0
chr11	135086622	3377564	0
chr13	114364328	1787564	0
chrUn_KI270386v1	1788	10	0
chr1_KI270761v1_alt	165834	2842	0
chr22_KI270733v1_random	179772	906456	0
chr19_KI270888v1_alt	155532	20	0
chr22_KI270875v1_alt	259914	3150	0
chr19_GL383573v1_alt	385657	6848	0
chr16_KI270853v1_alt	2659700	101494	0
chr19_KI270920v1_alt	198005	198	0
chr20_KI270870v1_alt	183433	2844	0
chr4_KI270788v1_alt	158965	1380	0
chr3_KI270784v1_alt	184404	5448	0
chr1_KI270759v1_alt	425601	4488	0
chr19_KI270867v1_alt	233762	5652	0
chr19_GL383574v1_alt	155864	5252	0
chr19_KI270883v1_alt	170399	0	0
chr8_KI270822v1_alt	624492	5892	0
chr12_KI270904v1_alt	572349	5910	0
chrUn_KI270750v1	148850	2810	0
chr3_KI270935v1_alt	197351	16741	0
chr12_GL383551v1_alt	184319	1134	0
chr19	58617616	2298994	0
chr15_KI270851v1_alt	263054	6586	0
chrUn_KI270749v1	158759	2674	0
chr19_GL949752v1_alt	987100	40463	0
chrUn_KI270512v1	22689	216	0
chr9_KI270823v1_alt	439082	3904	0
chr18_KI270911v1_alt	157710	4217	0
chr8	145138636	2539210	0
chr19_KI270887v1_alt	209512	92	0
chr12_KI270836v1_alt	56134	608	0
chr22_KI270732v1_random	41543	840	0
chr18_GL383568v1_alt	104552	784	0
chr19_KI270929v1_alt	186203	178	0
chr17_KI270910v1_alt	157099	5008	0
chr8_KI270821v1_alt	985506	20098	0
chrUn_GL000218v1	161147	5262	0
chrUn_KI270418v1	2145	16	0
chr15_GL383555v2_alt	388773	5336	0
chrY_KI270740v1_random	37240	474	0
chr17	83257441	2608377	0
chr3_GL383526v1_alt	180671	1996	0
chr14_GL000009v2_random	201709	5202	0
chrUn_KI270390v1	2387	6	0
chr19_KI270890v1_alt	184499	76	0
chrUn_KI270322v1	21476	152	0
chr8_KI270813v1_alt	300230	7970	0
chrUn_KI270302v1	2274	30	0
chrUn_KI270424v1	2140	0	0
chr17_JH159146v1_alt	278131	2422	0
chr22_KI270876v1_alt	263666	2682	0
chr14_KI270722v1_random	194050	1692	0
chrUn_KI270741v1	157432	1162	0
chr18_GL383569v1_alt	167950	1512	0
chrUn_KI270745v1	41891	1172	0
chrUn_KI270363v1	1803	14	0
chr4_KI270790v1_alt	220246	1378	0
chr19_KI270918v1_alt	123111	10	0
chr11_JH159136v1_alt	200998	1522	0
chr11_KI270831v1_alt	296895	16632	0
chr11_KI270829v1_alt	204059	1834	0
chr3_KI270934v1_alt	163458	14873	0
chr2_GL383522v1_alt	123821	2106	0
chr19_KI270866v1_alt	43156	2854	0
chr6_GL000252v2_alt	4604811	189456	0
chr17_KI270860v1_alt	178921	6454	0
chr19_GL383576v1_alt	188024	1166	0
chrUn_KI270465v1	1774	32	0
chr7	159345973	3319488	0
chrUn_KI270587v1	2969	84	0
chr13_KI270840v1_alt	191684	1784	0
chrUn_KI270582v1	6504	98	0
chr19_GL949748v2_alt	1064304	30068	0
chr1_KI270706v1_random	175055	4538	0
chr2_KI270773v1_alt	70887	611	0
chr20_KI270869v1_alt	118774	1586	0
chrUn_KI270333v1	2699	24486	0
chr8_KI270815v1_alt	132244	2234	0
chr19_KI270923v1_alt	189352	168	0
chr17_GL000258v2_alt	1821992	72824	0
chrUn_KI270420v1	2321	10	0
chrUn_GL000219v1	179198	4188	0
chr11_GL383547v1_alt	154407	1198	0
chrUn_GL000224v1	179693	20910	0
chr22_KI270738v1_random	99375	600	0
chr3_KI270783v1_alt	109187	1008	0
chrUn_KI270387v1	1537	4	0
chr5_KI270795v1_alt	131892	3214	0
chr4_KI270896v1_alt	378547	6190	0
chr17_GL383565v1_alt	223995	1662	0
chrUn_KI270382v1	4215	20	0
chr9_GL383542v1_alt	60032	1004	0
chr17_KI270862v1_alt	391357	10790	0
chr11_KI270903v1_alt	214625	6170	0
*	0	0	0
