chr18_KI270863v1_alt	167999	10382	0
chr1_GL383519v1_alt	110268	12316	0
chrUn_KI270388v1	1216	16	0
chr18_GL383572v1_alt	159547	6119	0
chr19_KI270882v1_alt	248807	230	0
chr22_KI270731v1_random	150754	22654	0
chrUn_KI270442v1	392061	28384	0
chr3_KI270895v1_alt	162896	17952	0
chr5_GL339449v2_alt	1612928	58956	0
chrY	57227415	747801	0
chr17_GL000205v2_random	185591	33154	0
chrUn_GL000195v1	182896	33790	0
chr12_KI270834v1_alt	119498	4274	0
chr17_GL383566v1_alt	90219	4358	0
chr6_GL000254v2_alt	4827813	210509	0
chr17_GL383564v2_alt	133151	4596	0
chrUn_KI270320v1	4416	444	0
chr1_KI270714v1_random	41717	2660	0
chr4_GL000257v2_alt	586476	11072	0
chrUn_KI270753v1	62944	3410	0
chr19_KI270922v1_alt	187935	472	0
chr9_GL383539v1_alt	162988	3074	0
chrUn_KI270393v1	1308	20	0
chr5_GL949742v1_alt	226852	3376	0
chr16_KI270854v1_alt	134193	8805	0
chrUn_KI270516v1	1300	52	0
chr13_KI270839v1_alt	180306	3146	0
chr21_GL383580v2_alt	74653	3126	0
chr18_KI270912v1_alt	174061	5126	0
chrUn_KI270743v1	210658	22814	0
chrUn_KI270391v1	1484	28	0
chr19_KI270917v1_alt	190932	460	0
chrUn_KI270528v1	2983	26	0
chrUn_KI270757v1	71251	2672	0
chr8_KI270819v1_alt	133535	9874	0
chr18_KI270864v1_alt	111737	1376	0
chr15_KI270905v1_alt	5161414	173808	0
chr9_KI270717v1_random	40062	2512	0
chrUn_KI270746v1	66486	2252	0
chr19_KI270891v1_alt	170680	10	0
chr8_KI270812v1_alt	282736	8450	0
chrUn_KI270425v1	1884	14	0
chrUn_KI270544v1	1202	58	0
chr5_GL383532v1_alt	82728	1240	0
chrUn_GL000216v2	176608	86404	0
chrUn_KI270303v1	1942	34	0
chr17_JH159147v1_alt	70345	1378	0
chr21	46709983	4094741	0
chr5	181538259	4795772	0
chr2_KI270774v1_alt	223625	6106	0
chrX_KI270880v1_alt	284869	11872	0
chr1_KI270712v1_random	176043	20652	0
chr19_GL000209v2_alt	177381	324	0
chrUn_KI270330v1	1652	2092	0
chrUn_KI270581v1	7046	356	0
chr1_KI270763v1_alt	911658	27938	0
chr19_GL949749v2_alt	1091841	33816	0
chr3	198295559	5253434	0
chr12_KI270833v1_alt	76061	1710	0
chr4_GL000008v2_random	209709	18882	0
chrUn_KI270588v1	6158	142	0
chr5_KI270794v1_alt	164558	3176	0
chr12_GL383552v1_alt	138655	2052	0
chr1_KI270762v1_alt	354444	49101	0
chr7_KI270803v1_alt	1111570	32022	0
chr14_KI270725v1_random	172810	8354	0
chr2	242193529	6830530	0
chrUn_KI270362v1	3530	38	0
chr3_KI270777v1_alt	173649	3226	0
chrUn_KI270396v1	1880	48	0
chr19_KI270919v1_alt	170701	66	0
chrUn_KI270394v1	970	24	0
chr21_KI270873v1_alt	143900	4792	0
chr9_KI270718v1_random	38054	4892	0
chr3_KI270924v1_alt	166540	17486	0
chr14_KI270847v1_alt	1511111	62660	0
chr4_GL383527v1_alt	164536	3302	0
chr5_GL383530v1_alt	101241	1510	0
chr5_KI270793v1_alt	126136	7129	0
chr1_KI270766v1_alt	256271	11382	0
chr6_KI270797v1_alt	197536	8432	0
chr18_GL383567v1_alt	289831	7378	0
chrUn_KI270752v1	27745	12	0
chr17_KI270907v1_alt	137721	6376	0
chrX_KI270913v1_alt	274009	10558	0
chr3_KI270781v1_alt	113034	3192	0
chrUn_GL000214v1	137718	62622	0
chr4_GL383528v1_alt	376187	5592	0
chrUn_KI270375v1	2378	50	0
chr3_KI270779v1_alt	205312	19566	0
chr5_KI270897v1_alt	1144418	45632	0
chr5_KI270791v1_alt	195710	11176	0
chr5_GL383531v1_alt	173459	2958	0
chrUn_GL000213v1	164239	4938	0
chr19_GL949750v2_alt	1066390	33800	0
chr5_KI270898v1_alt	130957	6216	0
chrUn_KI270467v1	3920	30020	0
chrUn_KI270310v1	1201	94	0
chr14_KI270846v1_alt	1351393	69935	0
chrUn_KI270747v1	198735	5266	0
chr11_KI270721v1_random	100316	8534	0
chr13_KI270842v1_alt	37287	1944	0
chr14_KI270724v1_random	39555	3388	0
chr8_KI270817v1_alt	158983	8250	0
chrUn_KI270395v1	1143	80	0
chr1_KI270892v1_alt	162212	4390	0
chr13_KI270838v1_alt	306913	9322	0
chr22_KI270877v1_alt	101331	4712	0
chrUn_KI270338v1	1428	88	0
chr17_KI270857v1_alt	2877074	143716	0
chr15_KI270848v1_alt	327382	11512	0
chr5_KI270796v1_alt	172708	2692	0
chrUn_KI270336v1	1026	4732	0
chr8_KI270810v1_alt	374415	7656	0
chrUn_KI270417v1	2043	22	0
chr19_KI270938v1_alt	1066800	58126	0
chr22_KI270734v1_random	165050	28848	0
chr8_KI270818v1_alt	145606	5620	0
chr12_GL877876v1_alt	408271	7256	0
chr6	170805979	4592079	0
chrUn_KI270590v1	4685	248	0
chrUn_KI270529v1	1899	38	0
chr19_KI270931v1_alt	170148	2	0
chrUn_KI270538v1	91309	2058	0
chrUn_KI270311v1	12399	224	0
chr11_KI270827v1_alt	67707	2138	0
chr2_KI270893v1_alt	161218	6332	0
chr1_KI270710v1_random	40176	1662	0
chrUn_KI270412v1	1179	52	0
chrUn_KI270389v1	1298	14	0
chr16	90338345	3483646	0
chrUn_KI270591v1	5796	444	0
chr21_GL383578v2_alt	63917	1310	0
chr10_KI270825v1_alt	188315	7026	0
chr22_KI270737v1_random	103838	4670	0
chrUn_GL000220v1	161802	1252473	0
chrUn_KI270316v1	1444	38	0
chrUn_KI270748v1	93321	10270	0
chrUn_KI270304v1	2165	48	0
chrUn_KI270548v1	1599	32	0
chr6_KI270801v1_alt	870480	22060	0
chr1_KI270707v1_random	32032	1686	0
chrUn_KI270744v1	168472	40042	0
chr22_KI270928v1_alt	176103	12018	0
chr18_GL383571v1_alt	198278	3308	0
chr1_GL383518v1_alt	182439	10050	0
chr16_KI270728v1_random	1872759	56706	0
chr10_GL383545v1_alt	179254	3766	0
chrUn_KI270580v1	1553	84	0
chr3_KI270778v1_alt	248252	4070	0
chr19_KI270930v1_alt	200773	272	0
chrUn_KI270422v1	1445	52	0
chr2_GL383521v1_alt	143390	3928	0
chr8_KI270816v1_alt	305841	29553	0
chr19_KI270932v1_alt	215732	238	0
chrUn_KI270329v1	1040	44	0
chr7_KI270899v1_alt	190869	11342	0
chrUn_KI270312v1	998	20	0
chr12_KI270835v1_alt	238139	7990	0
chr1_GL383520v2_alt	366580	12600	0
chrUn_GL000226v1	15008	842	0
chrUn_KI270435v1	92983	2624	0
chr2_KI270894v1_alt	214158	19589	0
chr14_KI270845v1_alt	180703	7714	0
chrUn_KI270522v1	5674	76	0
chr22_KB663609v1_alt	74013	8778	0
chr1_KI270711v1_random	42210	4220	0
chrUn_KI270305v1	1472	68	0
chr7_KI270807v1_alt	126434	5196	0
chr6_GL000256v2_alt	4929269	210882	0
chr8_KI270900v1_alt	318687	9354	0
chr20	64444167	2235787	0
chr12_GL877875v1_alt	167313	19042	0
chrUn_KI270392v1	971	10	0
chr2_KI270776v1_alt	174166	13734	0
chr5_KI270792v1_alt	179043	10294	0
chr6_KI270798v1_alt	271782	10334	0
chrUn_KI270376v1	1136	14	0
chrUn_KI270378v1	1048	0	0
chr11_KI270826v1_alt	186169	5202	0
chr8_KI270820v1_alt	36640	1612	0
chrUn_KI270383v1	1750	6	0
chr11_JH159137v1_alt	191409	3184	0
chr17_KI270729v1_random	280839	27658	0
chr14_KI270723v1_random	38115	3330	0
chr9_GL383540v1_alt	71551	2178	0
chrUn_KI270385v1	990	12	0
chr11_KI270832v1_alt	210133	25171	0
chr13_KI270841v1_alt	169134	2798	0
chrUn_KI270466v1	1233	5426	0
chrUn_KI270379v1	1045	16	0
chr7_KI270806v1_alt	158166	3548	0
chr2_KI270769v1_alt	120616	4180	0
chr17_KI270730v1_random	112551	8404	0
chrUn_KI270366v1	8320	156	0
chr15	101991189	2725833	0
chrUn_KI270374v1	2656	40	0
chr12	133275309	4001766	0
chr15_KI270852v1_alt	478999	13296	0
chr11_KI270830v1_alt	177092	12390	0
chr16_KI270856v1_alt	63982	3614	0
chrUn_KI270517v1	3253	166	0
chr1_KI270760v1_alt	109528	3456	0
chr19_KI270889v1_alt	170698	46	0
chr19_GL949753v2_alt	796479	41714	0
chrUn_KI270515v1	6361	254	0
chrUn_KI270381v1	1930	66	0
chr19_KI270916v1_alt	184516	184	0
chr3_KI270780v1_alt	224108	9456	0
chrUn_KI270364v1	2855	24	0
chr21_GL383581v2_alt	116689	5846	0
chr6_GL383533v1_alt	124736	2342	0
chr17_KI270909v1_alt	325800	19722	0
chr20_KI270871v1_alt	58661	4230	0
chr8_KI270814v1_alt	141812	7248	0
chr3_KI270782v1_alt	162429	7938	0
chrUn_KI270414v1	2489	36	0
chr21_KI270874v1_alt	166743	2996	0
chrUn_KI270539v1	993	70	0
chr14_KI270726v1_random	43739	630	0
chrUn_KI270530v1	2168	44	0
chr8_KI270901v1_alt	136959	4060	0
chr3_KI270937v1_alt	165607	17902	0
chrUn_KI270337v1	1121	10616	0
chr17_GL383563v3_alt	375691	17734	0
chrM	16569	6240218	0
chr15_KI270850v1_alt	430880	45552	0
chr19_KI270921v1_alt	282224	752	0
chr19_GL949747v2_alt	729520	39682	0
chrUn_KI270371v1	2805	54	0
chr14_GL000225v1_random	211173	250382	0
chr15_KI270727v1_random	448248	12498	0
chr17_JH159148v1_alt	88070	1602	0
chr22_KI270735v1_random	42811	2448	0
chrUn_KI270448v1	7992	274	0
chr2_GL582966v2_alt	96131	2376	0
chr6_KI270802v1_alt	75005	2484	0
chr4_KI270787v1_alt	111943	2150	0
chr2_KI270771v1_alt	110395	1650	0
chr15_GL383554v1_alt	296527	16448	0
chr1	248956422	9083149	0
chr7_KI270804v1_alt	157952	7672	0
chr4	190214555	4444437	0
chr21_KI270872v1_alt	82692	6680	0
chr11_KI270927v1_alt	218612	11645	0
chr2_KI270772v1_alt	133041	13676	0
chr8_KI270811v1_alt	292436	9734	0
chr2_KI270716v1_random	153799	1998	0
chr18_GL383570v1_alt	164789	2656	0
chr16_GL383556v1_alt	192462	6178	0
chr22_KI270878v1_alt	186262	8706	0
chrUn_KI270317v1	37690	100	0
chr6_KI270800v1_alt	175808	2550	0
chr12_KI270837v1_alt	40090	892	0
chr9_KI270719v1_random	176845	12730	0
chr14_GL000194v1_random	191469	17634	0
chr6_KB021644v2_alt	185823	4800	0
chr22_KI270739v1_random	73985	918	0
chrUn_KI270751v1	150742	15170	0
chrUn_KI270584v1	4513	168	0
chrUn_KI270340v1	1428	140	0
chr3_GL000221v1_random	155397	15906	0
chr12_GL383549v1_alt	120804	1880	0
chr2_KI270775v1_alt	138019	2500	0
chr11_KI270902v1_alt	106711	6400	0
chr9	138394717	4072221	0
chr17_KI270859v1_alt	108763	2396	0
chr4_KI270925v1_alt	555799	14592	0
chr6_GL000250v2_alt	4672374	112668	0
chr22_GL383582v2_alt	162811	10532	0
chr1_KI270765v1_alt	185285	20880	0
chrUn_KI270384v1	1658	20	0
chr22_GL383583v2_alt	96924	3808	0
chr21_GL383579v2_alt	201197	2924	0
chrUn_KI270429v1	1361	50	0
chr17_KI270858v1_alt	235827	3277	0
chr6_KI270758v1_alt	76752	1620	0
chr19_GL949751v2_alt	1002683	33834	0
chr2_KI270715v1_random	161471	2138	0
chrUn_KI270372v1	1650	42	0
chr19_GL383575v2_alt	170222	3510	0
chr18	80373285	1844902	0
chrUn_KI270519v1	138126	3434	0
chr17_KI270861v1_alt	196688	20493	0
chr6_GL000251v2_alt	4795265	247240	0
chr6_GL000255v2_alt	4606388	240640	0
chr1_KI270708v1_random	127682	4310	0
chr10_KI270824v1_alt	181496	6200	0
chrUn_KI270518v1	2186	92	0
chr16_GL383557v1_alt	89672	3516	0
chr2_KI270768v1_alt	110099	4724	0
chr13_KI270843v1_alt	103832	1600	0
chr7_KI270809v1_alt	209586	12392	0
chrUn_KI270438v1	112505	70636	0
chr3_KI270936v1_alt	164170	17752	0
chr20_GL383577v2_alt	128386	4015	0
chrUn_KI270510v1	2415	82	0
chr19_KI270885v1_alt	171027	66	0
chr19_KI270886v1_alt	204239	210	0
chr19_KI270865v1_alt	52969	6148	0
chr22_KI270736v1_random	181920	19358	0
chrUn_KI270509v1	2318	64	0
chrX_KI270881v1_alt	144206	1462	0
chr19_KI270933v1_alt	170537	232	0
chrUn_KI270507v1	5353	170	0
chr12_GL383550v2_alt	169178	5274	0
chr5_GL000208v1_random	92689	2052	0
chrUn_KI270419v1	1029	4	0
chr2_KI270767v1_alt	161578	6332	0
chrUn_KI270754v1	40191	13690	0
chr15_KI270906v1_alt	196384	8787	0
chrUn_KI270335v1	1048	62	0
chrUn_KI270508v1	1951	98	0
chrUn_KI270334v1	1368	68	0
chr10	133797422	4027896	0
chr6_KI270799v1_alt	152148	2248	0
chr10_GL383546v1_alt	309802	7326	0
chr15_KI270849v1_alt	244917	14864	0
chrUn_KI270315v1	2276	86	0
chr16_KI270855v1_alt	232857	25297	0
chrUn_KI270423v1	981	6	0
chr22_KI270879v1_alt	304135	25818	0
chr7_KI270808v1_alt	271455	7656	0
chrUn_KI270742v1	186739	19303	0
chr1_KI270713v1_random	40745	12426	0
chr2_KI270770v1_alt	136240	3440	0
chr14_KI270844v1_alt	322166	6286	0
chr22	50818468	1994897	0
chr4_KI270785v1_alt	119912	2162	0
chr14	107043718	2754906	0
chrUn_KI270511v1	8127	172	0
chr8_KI270926v1_alt	229282	8154	0
chrUn_KI270593v1	3041	100	0
chr7_GL383534v2_alt	119183	4930	0
chrUn_KI270579v1	31033	818	0
chr1_KI270764v1_alt	50258	1278	0
chrUn_KI270468v1	4055	82	0
chrUn_KI270583v1	1400	88	0
chr19_KI270915v1_alt	170665	6	0
chr19_KI270868v1_alt	61734	6242	0
chr9_KI270720v1_random	39050	1582	0
chrX	156040895	2273072	0
chrUn_KI270373v1	1451	12	0
chr3_JH636055v2_alt	173151	5536	0
chr19_KI270884v1_alt	157053	308	0
chrUn_KI270755v1	36723	950	0
chr4_KI270789v1_alt	205944	4064	0
chr1_KI270709v1_random	66860	7230	0
chr19_GL949746v1_alt	987716	54266	0
chr9_GL383541v1_alt	171286	3828	0
chrUn_KI270521v1	7642	190	0
chr4_KI270786v1_alt	244096	5804	0
chr19_KI270914v1_alt	205194	168	0
chr12_GL383553v2_alt	152874	2836	0
chr17_KI270908v1_alt	1423190	75899	0
chr7_KI270805v1_alt	209988	8802	0
chrUn_KI270756v1	79590	3390	0
chrUn_KI270589v1	44474	1520	0
chr6_GL000253v2_alt	4677643	190047	0
chrUn_KI270411v1	2646	248	0
chr11	135086622	4393890	0
chr13	114364328	2335482	0
chrUn_KI270386v1	1788	32	0
chr1_KI270761v1_alt	165834	4544	0
chr22_KI270733v1_random	179772	1237608	0
chr19_KI270888v1_alt	155532	76	0
chr22_KI270875v1_alt	259914	7402	0
chr19_GL383573v1_alt	385657	9342	0
chr16_KI270853v1_alt	2659700	177896	0
chr19_KI270920v1_alt	198005	590	0
chr20_KI270870v1_alt	183433	9420	0
chr4_KI270788v1_alt	158965	2446	0
chr3_KI270784v1_alt	184404	10070	0
chr1_KI270759v1_alt	425601	11916	0
chr19_KI270867v1_alt	233762	8854	0
chr19_GL383574v1_alt	155864	6022	0
chr19_KI270883v1_alt	170399	38	0
chr8_KI270822v1_alt	624492	9966	0
chr12_KI270904v1_alt	572349	9576	0
chrUn_KI270750v1	148850	8434	0
chr3_KI270935v1_alt	197351	19476	0
chr12_GL383551v1_alt	184319	3416	0
chr19	58617616	3498979	0
chr15_KI270851v1_alt	263054	14538	0
chrUn_KI270749v1	158759	7883	0
chr19_GL949752v1_alt	987100	54266	0
chrUn_KI270512v1	22689	710	0
chr9_KI270823v1_alt	439082	7278	0
chr18_KI270911v1_alt	157710	6077	0
chr8	145138636	3829003	0
chr19_KI270887v1_alt	209512	338	0
chr12_KI270836v1_alt	56134	2074	0
chr22_KI270732v1_random	41543	2210	0
chr18_GL383568v1_alt	104552	1418	0
chr19_KI270929v1_alt	186203	522	0
chr17_KI270910v1_alt	157099	10465	0
chr8_KI270821v1_alt	985506	30448	0
chrUn_GL000218v1	161147	12580	0
chrUn_KI270418v1	2145	28	0
chr15_GL383555v2_alt	388773	14524	0
chrY_KI270740v1_random	37240	1232	0
chr17	83257441	3861382	0
chr3_GL383526v1_alt	180671	3352	0
chr14_GL000009v2_random	201709	14608	0
chrUn_KI270390v1	2387	18	0
chr19_KI270890v1_alt	184499	368	0
chrUn_KI270322v1	21476	320	0
chr8_KI270813v1_alt	300230	16404	0
chrUn_KI270302v1	2274	70	0
chrUn_KI270424v1	2140	12	0
chr17_JH159146v1_alt	278131	5332	0
chr22_KI270876v1_alt	263666	5668	0
chr14_KI270722v1_random	194050	4587	0
chrUn_KI270741v1	157432	3578	0
chr18_GL383569v1_alt	167950	4706	0
chrUn_KI270745v1	41891	2756	0
chrUn_KI270363v1	1803	24	0
chr4_KI270790v1_alt	220246	3002	0
chr19_KI270918v1_alt	123111	34	0
chr11_JH159136v1_alt	200998	3276	0
chr11_KI270831v1_alt	296895	21816	0
chr11_KI270829v1_alt	204059	3854	0
chr3_KI270934v1_alt	163458	17996	0
chr2_GL383522v1_alt	123821	2872	0
chr19_KI270866v1_alt	43156	4334	0
chr6_GL000252v2_alt	4604811	217412	0
chr17_KI270860v1_alt	178921	12304	0
chr19_GL383576v1_alt	188024	3450	0
chrUn_KI270465v1	1774	42	0
chr7	159345973	4987284	0
chrUn_KI270587v1	2969	226	0
chr13_KI270840v1_alt	191684	5570	0
chrUn_KI270582v1	6504	234	0
chr19_GL949748v2_alt	1064304	33792	0
chr1_KI270706v1_random	175055	15412	0
chr2_KI270773v1_alt	70887	1872	0
chr20_KI270869v1_alt	118774	4616	0
chrUn_KI270333v1	2699	21246	0
chr8_KI270815v1_alt	132244	5202	0
chr19_KI270923v1_alt	189352	518	0
chr17_GL000258v2_alt	1821992	109681	0
chrUn_KI270420v1	2321	50	0
chrUn_GL000219v1	179198	6884	0
chr11_GL383547v1_alt	154407	2426	0
chrUn_GL000224v1	179693	80240	0
chr22_KI270738v1_random	99375	1940	0
chr3_KI270783v1_alt	109187	1936	0
chrUn_KI270387v1	1537	0	0
chr5_KI270795v1_alt	131892	6338	0
chr4_KI270896v1_alt	378547	12174	0
chr17_GL383565v1_alt	223995	3084	0
chrUn_KI270382v1	4215	126	0
chr9_GL383542v1_alt	60032	1378	0
chr17_KI270862v1_alt	391357	22710	0
chr11_KI270903v1_alt	214625	13222	0
*	0	0	0
