chr18_KI270863v1_alt	167999	11846	0
chr1_GL383519v1_alt	110268	11864	0
chrUn_KI270388v1	1216	8	0
chr18_GL383572v1_alt	159547	6008	0
chr19_KI270882v1_alt	248807	140	0
chr22_KI270731v1_random	150754	17738	0
chrUn_KI270442v1	392061	20530	0
chr3_KI270895v1_alt	162896	15216	0
chr5_GL339449v2_alt	1612928	53670	0
chrY	57227415	579199	0
chr17_GL000205v2_random	185591	32920	0
chrUn_GL000195v1	182896	37486	0
chr12_KI270834v1_alt	119498	3472	0
chr17_GL383566v1_alt	90219	3826	0
chr6_GL000254v2_alt	4827813	225899	0
chr17_GL383564v2_alt	133151	7352	0
chrUn_KI270320v1	4416	394	0
chr1_KI270714v1_random	41717	2232	0
chr4_GL000257v2_alt	586476	9488	0
chrUn_KI270753v1	62944	2790	0
chr19_KI270922v1_alt	187935	360	0
chr9_GL383539v1_alt	162988	2066	0
chrUn_KI270393v1	1308	34	0
chr5_GL949742v1_alt	226852	2132	0
chr16_KI270854v1_alt	134193	8369	0
chrUn_KI270516v1	1300	42	0
chr13_KI270839v1_alt	180306	2696	0
chr21_GL383580v2_alt	74653	3560	0
chr18_KI270912v1_alt	174061	3796	0
chrUn_KI270743v1	210658	17684	0
chrUn_KI270391v1	1484	14	0
chr19_KI270917v1_alt	190932	346	0
chrUn_KI270528v1	2983	24	0
chrUn_KI270757v1	71251	1716	0
chr8_KI270819v1_alt	133535	9672	0
chr18_KI270864v1_alt	111737	872	0
chr15_KI270905v1_alt	5161414	155612	0
chr9_KI270717v1_random	40062	1944	0
chrUn_KI270746v1	66486	1472	0
chr19_KI270891v1_alt	170680	4	0
chr8_KI270812v1_alt	282736	6464	0
chrUn_KI270425v1	1884	16	0
chrUn_KI270544v1	1202	44	0
chr5_GL383532v1_alt	82728	824	0
chrUn_GL000216v2	176608	61554	0
chrUn_KI270303v1	1942	38	0
chr17_JH159147v1_alt	70345	1062	0
chr21	46709983	2996065	0
chr5	181538259	4266427	0
chr2_KI270774v1_alt	223625	4856	0
chrX_KI270880v1_alt	284869	10798	0
chr1_KI270712v1_random	176043	16936	0
chr19_GL000209v2_alt	177381	226	0
chrUn_KI270330v1	1652	1572	0
chrUn_KI270581v1	7046	378	0
chr1_KI270763v1_alt	911658	24612	0
chr19_GL949749v2_alt	1091841	40250	0
chr3	198295559	4625858	0
chr12_KI270833v1_alt	76061	1498	0
chr4_GL000008v2_random	209709	13426	0
chrUn_KI270588v1	6158	86	0
chr5_KI270794v1_alt	164558	2306	0
chr12_GL383552v1_alt	138655	1310	0
chr1_KI270762v1_alt	354444	45002	0
chr7_KI270803v1_alt	1111570	29149	0
chr14_KI270725v1_random	172810	5824	0
chr2	242193529	5949683	0
chrUn_KI270362v1	3530	62	0
chr3_KI270777v1_alt	173649	2602	0
chrUn_KI270396v1	1880	36	0
chr19_KI270919v1_alt	170701	62	0
chrUn_KI270394v1	970	2	0
chr21_KI270873v1_alt	143900	4536	0
chr9_KI270718v1_random	38054	5394	0
chr3_KI270924v1_alt	166540	14744	0
chr14_KI270847v1_alt	1511111	56023	0
chr4_GL383527v1_alt	164536	2404	0
chr5_GL383530v1_alt	101241	1078	0
chr5_KI270793v1_alt	126136	5848	0
chr1_KI270766v1_alt	256271	6902	0
chr6_KI270797v1_alt	197536	7558	0
chr18_GL383567v1_alt	289831	5996	0
chrUn_KI270752v1	27745	12	0
chr17_KI270907v1_alt	137721	4712	0
chrX_KI270913v1_alt	274009	8606	0
chr3_KI270781v1_alt	113034	3004	0
chrUn_GL000214v1	137718	50720	0
chr4_GL383528v1_alt	376187	3504	0
chrUn_KI270375v1	2378	36	0
chr3_KI270779v1_alt	205312	17028	0
chr5_KI270897v1_alt	1144418	41098	0
chr5_KI270791v1_alt	195710	9994	0
chr5_GL383531v1_alt	173459	2092	0
chrUn_GL000213v1	164239	3990	0
chr19_GL949750v2_alt	1066390	40240	0
chr5_KI270898v1_alt	130957	5210	0
chrUn_KI270467v1	3920	11478	0
chrUn_KI270310v1	1201	84	0
chr14_KI270846v1_alt	1351393	66359	0
chrUn_KI270747v1	198735	3834	0
chr11_KI270721v1_random	100316	6710	0
chr13_KI270842v1_alt	37287	1714	0
chr14_KI270724v1_random	39555	2590	0
chr8_KI270817v1_alt	158983	7582	0
chrUn_KI270395v1	1143	44	0
chr1_KI270892v1_alt	162212	3126	0
chr13_KI270838v1_alt	306913	7196	0
chr22_KI270877v1_alt	101331	3928	0
chrUn_KI270338v1	1428	78	0
chr17_KI270857v1_alt	2877074	126481	0
chr15_KI270848v1_alt	327382	9094	0
chr5_KI270796v1_alt	172708	1718	0
chrUn_KI270336v1	1026	2198	0
chr8_KI270810v1_alt	374415	5868	0
chrUn_KI270417v1	2043	8	0
chr19_KI270938v1_alt	1066800	60428	0
chr22_KI270734v1_random	165050	21440	0
chr8_KI270818v1_alt	145606	4804	0
chr12_GL877876v1_alt	408271	6838	0
chr6	170805979	4200739	0
chrUn_KI270590v1	4685	158	0
chrUn_KI270529v1	1899	40	0
chr19_KI270931v1_alt	170148	4	0
chrUn_KI270538v1	91309	1590	0
chrUn_KI270311v1	12399	138	0
chr11_KI270827v1_alt	67707	1596	0
chr2_KI270893v1_alt	161218	6660	0
chr1_KI270710v1_random	40176	1140	0
chrUn_KI270412v1	1179	32	0
chrUn_KI270389v1	1298	8	0
chr16	90338345	3282857	0
chrUn_KI270591v1	5796	226	0
chr21_GL383578v2_alt	63917	800	0
chr10_KI270825v1_alt	188315	6314	0
chr22_KI270737v1_random	103838	3010	0
chrUn_GL000220v1	161802	822860	0
chrUn_KI270316v1	1444	14	0
chrUn_KI270748v1	93321	8686	0
chrUn_KI270304v1	2165	26	0
chrUn_KI270548v1	1599	26	0
chr6_KI270801v1_alt	870480	21146	0
chr1_KI270707v1_random	32032	1254	0
chrUn_KI270744v1	168472	31840	0
chr22_KI270928v1_alt	176103	13340	0
chr18_GL383571v1_alt	198278	3442	0
chr1_GL383518v1_alt	182439	10424	0
chr16_KI270728v1_random	1872759	48146	0
chr10_GL383545v1_alt	179254	3134	0
chrUn_KI270580v1	1553	50	0
chr3_KI270778v1_alt	248252	2518	0
chr19_KI270930v1_alt	200773	152	0
chrUn_KI270422v1	1445	26	0
chr2_GL383521v1_alt	143390	3950	0
chr8_KI270816v1_alt	305841	27534	0
chr19_KI270932v1_alt	215732	162	0
chrUn_KI270329v1	1040	32	0
chr7_KI270899v1_alt	190869	10488	0
chrUn_KI270312v1	998	12	0
chr12_KI270835v1_alt	238139	7383	0
chr1_GL383520v2_alt	366580	14274	0
chrUn_GL000226v1	15008	560	0
chrUn_KI270435v1	92983	1620	0
chr2_KI270894v1_alt	214158	16340	0
chr14_KI270845v1_alt	180703	6084	0
chrUn_KI270522v1	5674	38	0
chr22_KB663609v1_alt	74013	9930	0
chr1_KI270711v1_random	42210	2934	0
chrUn_KI270305v1	1472	44	0
chr7_KI270807v1_alt	126434	4424	0
chr6_GL000256v2_alt	4929269	230505	0
chr8_KI270900v1_alt	318687	7344	0
chr20	64444167	1887530	0
chr12_GL877875v1_alt	167313	17202	0
chrUn_KI270392v1	971	16	0
chr2_KI270776v1_alt	174166	12055	0
chr5_KI270792v1_alt	179043	10746	0
chr6_KI270798v1_alt	271782	9478	0
chrUn_KI270376v1	1136	20	0
chrUn_KI270378v1	1048	2	0
chr11_KI270826v1_alt	186169	3894	0
chr8_KI270820v1_alt	36640	1412	0
chrUn_KI270383v1	1750	14	0
chr11_JH159137v1_alt	191409	2150	0
chr17_KI270729v1_random	280839	19548	0
chr14_KI270723v1_random	38115	2638	0
chr9_GL383540v1_alt	71551	1732	0
chrUn_KI270385v1	990	8	0
chr11_KI270832v1_alt	210133	24448	0
chr13_KI270841v1_alt	169134	1632	0
chrUn_KI270466v1	1233	2330	0
chrUn_KI270379v1	1045	14	0
chr7_KI270806v1_alt	158166	2538	0
chr2_KI270769v1_alt	120616	3034	0
chr17_KI270730v1_random	112551	6160	0
chrUn_KI270366v1	8320	112	0
chr15	101991189	2471429	0
chrUn_KI270374v1	2656	36	0
chr12	133275309	3615284	0
chr15_KI270852v1_alt	478999	10494	0
chr11_KI270830v1_alt	177092	11086	0
chr16_KI270856v1_alt	63982	2848	0
chrUn_KI270517v1	3253	106	0
chr1_KI270760v1_alt	109528	2588	0
chr19_KI270889v1_alt	170698	68	0
chr19_GL949753v2_alt	796479	46046	0
chrUn_KI270515v1	6361	182	0
chrUn_KI270381v1	1930	38	0
chr19_KI270916v1_alt	184516	128	0
chr3_KI270780v1_alt	224108	8646	0
chrUn_KI270364v1	2855	42	0
chr21_GL383581v2_alt	116689	5768	0
chr6_GL383533v1_alt	124736	1744	0
chr17_KI270909v1_alt	325800	17500	0
chr20_KI270871v1_alt	58661	3734	0
chr8_KI270814v1_alt	141812	6360	0
chr3_KI270782v1_alt	162429	7748	0
chrUn_KI270414v1	2489	40	0
chr21_KI270874v1_alt	166743	1886	0
chrUn_KI270539v1	993	90	0
chr14_KI270726v1_random	43739	596	0
chrUn_KI270530v1	2168	26	0
chr8_KI270901v1_alt	136959	2696	0
chr3_KI270937v1_alt	165607	15282	0
chrUn_KI270337v1	1121	4794	0
chr17_GL383563v3_alt	375691	14196	0
chrM	16569	15320095	0
chr15_KI270850v1_alt	430880	54504	0
chr19_KI270921v1_alt	282224	504	0
chr19_GL949747v2_alt	729520	44624	0
chrUn_KI270371v1	2805	38	0
chr14_GL000225v1_random	211173	180636	0
chr15_KI270727v1_random	448248	9950	0
chr17_JH159148v1_alt	88070	1174	0
chr22_KI270735v1_random	42811	1758	0
chrUn_KI270448v1	7992	178	0
chr2_GL582966v2_alt	96131	1782	0
chr6_KI270802v1_alt	75005	2170	0
chr4_KI270787v1_alt	111943	1546	0
chr2_KI270771v1_alt	110395	1078	0
chr15_GL383554v1_alt	296527	14016	0
chr1	248956422	8981505	0
chr7_KI270804v1_alt	157952	7610	0
chr4	190214555	3600524	0
chr21_KI270872v1_alt	82692	7136	0
chr11_KI270927v1_alt	218612	9400	0
chr2_KI270772v1_alt	133041	11600	0
chr8_KI270811v1_alt	292436	7806	0
chr2_KI270716v1_random	153799	1356	0
chr18_GL383570v1_alt	164789	2038	0
chr16_GL383556v1_alt	192462	5754	0
chr22_KI270878v1_alt	186262	6604	0
chrUn_KI270317v1	37690	56	0
chr6_KI270800v1_alt	175808	1624	0
chr12_KI270837v1_alt	40090	498	0
chr9_KI270719v1_random	176845	10224	0
chr14_GL000194v1_random	191469	14820	0
chr6_KB021644v2_alt	185823	4100	0
chr22_KI270739v1_random	73985	668	0
chrUn_KI270751v1	150742	11080	0
chrUn_KI270584v1	4513	150	0
chrUn_KI270340v1	1428	78	0
chr3_GL000221v1_random	155397	11538	0
chr12_GL383549v1_alt	120804	1572	0
chr2_KI270775v1_alt	138019	1390	0
chr11_KI270902v1_alt	106711	5208	0
chr9	138394717	3536136	0
chr17_KI270859v1_alt	108763	1930	0
chr4_KI270925v1_alt	555799	10584	0
chr6_GL000250v2_alt	4672374	123012	0
chr22_GL383582v2_alt	162811	12162	0
chr1_KI270765v1_alt	185285	23672	0
chrUn_KI270384v1	1658	24	0
chr22_GL383583v2_alt	96924	3228	0
chr21_GL383579v2_alt	201197	2062	0
chrUn_KI270429v1	1361	58	0
chr17_KI270858v1_alt	235827	2590	0
chr6_KI270758v1_alt	76752	1435	0
chr19_GL949751v2_alt	1002683	40250	0
chr2_KI270715v1_random	161471	1504	0
chrUn_KI270372v1	1650	24	0
chr19_GL383575v2_alt	170222	2955	0
chr18	80373285	1544241	0
chrUn_KI270519v1	138126	2274	0
chr17_KI270861v1_alt	196688	22322	0
chr6_GL000251v2_alt	4795265	263431	0
chr6_GL000255v2_alt	4606388	259496	0
chr1_KI270708v1_random	127682	2774	0
chr10_KI270824v1_alt	181496	4654	0
chrUn_KI270518v1	2186	68	0
chr16_GL383557v1_alt	89672	3818	0
chr2_KI270768v1_alt	110099	3894	0
chr13_KI270843v1_alt	103832	950	0
chr7_KI270809v1_alt	209586	8958	0
chrUn_KI270438v1	112505	50710	0
chr3_KI270936v1_alt	164170	15136	0
chr20_GL383577v2_alt	128386	3552	0
chrUn_KI270510v1	2415	54	0
chr19_KI270885v1_alt	171027	52	0
chr19_KI270886v1_alt	204239	80	0
chr19_KI270865v1_alt	52969	5716	0
chr22_KI270736v1_random	181920	13960	0
chrUn_KI270509v1	2318	68	0
chrX_KI270881v1_alt	144206	834	0
chr19_KI270933v1_alt	170537	124	0
chrUn_KI270507v1	5353	170	0
chr12_GL383550v2_alt	169178	5136	0
chr5_GL000208v1_random	92689	1602	0
chrUn_KI270419v1	1029	2	0
chr2_KI270767v1_alt	161578	6654	0
chrUn_KI270754v1	40191	12290	0
chr15_KI270906v1_alt	196384	7318	0
chrUn_KI270335v1	1048	38	0
chrUn_KI270508v1	1951	120	0
chrUn_KI270334v1	1368	68	0
chr10	133797422	3527092	0
chr6_KI270799v1_alt	152148	1600	0
chr10_GL383546v1_alt	309802	6277	0
chr15_KI270849v1_alt	244917	17872	0
chrUn_KI270315v1	2276	34	0
chr16_KI270855v1_alt	232857	30981	0
chrUn_KI270423v1	981	6	0
chr22_KI270879v1_alt	304135	25484	0
chr7_KI270808v1_alt	271455	5288	0
chrUn_KI270742v1	186739	13658	0
chr1_KI270713v1_random	40745	13982	0
chr2_KI270770v1_alt	136240	2440	0
chr14_KI270844v1_alt	322166	5252	0
chr22	50818468	1800194	0
chr4_KI270785v1_alt	119912	1674	0
chr14	107043718	2519132	0
chrUn_KI270511v1	8127	96	0
chr8_KI270926v1_alt	229282	6526	0
chrUn_KI270593v1	3041	70	0
chr7_GL383534v2_alt	119183	5284	0
chrUn_KI270579v1	31033	618	0
chr1_KI270764v1_alt	50258	896	0
chrUn_KI270468v1	4055	88	0
chrUn_KI270583v1	1400	24	0
chr19_KI270915v1_alt	170665	6	0
chr19_KI270868v1_alt	61734	5724	0
chr9_KI270720v1_random	39050	1082	0
chrX	156040895	1970761	0
chrUn_KI270373v1	1451	6	0
chr3_JH636055v2_alt	173151	4958	0
chr19_KI270884v1_alt	157053	166	0
chrUn_KI270755v1	36723	756	0
chr4_KI270789v1_alt	205944	2852	0
chr1_KI270709v1_random	66860	5032	0
chr19_GL949746v1_alt	987716	57244	0
chr9_GL383541v1_alt	171286	2610	0
chrUn_KI270521v1	7642	140	0
chr4_KI270786v1_alt	244096	4618	0
chr19_KI270914v1_alt	205194	86	0
chr12_GL383553v2_alt	152874	2156	0
chr17_KI270908v1_alt	1423190	74918	0
chr7_KI270805v1_alt	209988	7438	0
chrUn_KI270756v1	79590	2556	0
chrUn_KI270589v1	44474	962	0
chr6_GL000253v2_alt	4677643	202210	0
chrUn_KI270411v1	2646	180	0
chr11	135086622	3988860	0
chr13	114364328	2013564	0
chrUn_KI270386v1	1788	22	0
chr1_KI270761v1_alt	165834	3254	0
chr22_KI270733v1_random	179772	810550	0
chr19_KI270888v1_alt	155532	30	0
chr22_KI270875v1_alt	259914	5594	0
chr19_GL383573v1_alt	385657	9410	0
chr16_KI270853v1_alt	2659700	168075	0
chr19_KI270920v1_alt	198005	396	0
chr20_KI270870v1_alt	183433	7676	0
chr4_KI270788v1_alt	158965	1624	0
chr3_KI270784v1_alt	184404	8090	0
chr1_KI270759v1_alt	425601	8556	0
chr19_KI270867v1_alt	233762	7306	0
chr19_GL383574v1_alt	155864	6074	0
chr19_KI270883v1_alt	170399	14	0
chr8_KI270822v1_alt	624492	6670	0
chr12_KI270904v1_alt	572349	8398	0
chrUn_KI270750v1	148850	6198	0
chr3_KI270935v1_alt	197351	17098	0
chr12_GL383551v1_alt	184319	2260	0
chr19	58617616	3478617	0
chr15_KI270851v1_alt	263054	11836	0
chrUn_KI270749v1	158759	5100	0
chr19_GL949752v1_alt	987100	57178	0
chrUn_KI270512v1	22689	476	0
chr9_KI270823v1_alt	439082	5328	0
chr18_KI270911v1_alt	157710	6018	0
chr8	145138636	3247114	0
chr19_KI270887v1_alt	209512	246	0
chr12_KI270836v1_alt	56134	1382	0
chr22_KI270732v1_random	41543	1506	0
chr18_GL383568v1_alt	104552	984	0
chr19_KI270929v1_alt	186203	378	0
chr17_KI270910v1_alt	157099	9248	0
chr8_KI270821v1_alt	985506	28885	0
chrUn_GL000218v1	161147	10236	0
chrUn_KI270418v1	2145	12	0
chr15_GL383555v2_alt	388773	10752	0
chrY_KI270740v1_random	37240	964	0
chr17	83257441	3679067	0
chr3_GL383526v1_alt	180671	2292	0
chr14_GL000009v2_random	201709	10666	0
chrUn_KI270390v1	2387	32	0
chr19_KI270890v1_alt	184499	284	0
chrUn_KI270322v1	21476	234	0
chr8_KI270813v1_alt	300230	13050	0
chrUn_KI270302v1	2274	36	0
chrUn_KI270424v1	2140	6	0
chr17_JH159146v1_alt	278131	4204	0
chr22_KI270876v1_alt	263666	4366	0
chr14_KI270722v1_random	194050	2976	0
chrUn_KI270741v1	157432	2156	0
chr18_GL383569v1_alt	167950	3528	0
chrUn_KI270745v1	41891	2164	0
chrUn_KI270363v1	1803	26	0
chr4_KI270790v1_alt	220246	2240	0
chr19_KI270918v1_alt	123111	26	0
chr11_JH159136v1_alt	200998	2246	0
chr11_KI270831v1_alt	296895	22322	0
chr11_KI270829v1_alt	204059	2604	0
chr3_KI270934v1_alt	163458	15246	0
chr2_GL383522v1_alt	123821	2344	0
chr19_KI270866v1_alt	43156	4248	0
chr6_GL000252v2_alt	4604811	228541	0
chr17_KI270860v1_alt	178921	12038	0
chr19_GL383576v1_alt	188024	2302	0
chrUn_KI270465v1	1774	58	0
chr7	159345973	4293419	0
chrUn_KI270587v1	2969	100	0
chr13_KI270840v1_alt	191684	4546	0
chrUn_KI270582v1	6504	204	0
chr19_GL949748v2_alt	1064304	40246	0
chr1_KI270706v1_random	175055	12378	0
chr2_KI270773v1_alt	70887	1572	0
chr20_KI270869v1_alt	118774	4100	0
chrUn_KI270333v1	2699	11528	0
chr8_KI270815v1_alt	132244	4250	0
chr19_KI270923v1_alt	189352	364	0
chr17_GL000258v2_alt	1821992	111202	0
chrUn_KI270420v1	2321	46	0
chrUn_GL000219v1	179198	6192	0
chr11_GL383547v1_alt	154407	1372	0
chrUn_GL000224v1	179693	60148	0
chr22_KI270738v1_random	99375	1354	0
chr3_KI270783v1_alt	109187	1458	0
chrUn_KI270387v1	1537	18	0
chr5_KI270795v1_alt	131892	5224	0
chr4_KI270896v1_alt	378547	10626	0
chr17_GL383565v1_alt	223995	2126	0
chrUn_KI270382v1	4215	106	0
chr9_GL383542v1_alt	60032	1224	0
chr17_KI270862v1_alt	391357	19386	0
chr11_KI270903v1_alt	214625	11002	0
*	0	0	0
